102.0 15.249999999999996 4.416440620908798
102.25 15.249999999999996 4.441946600806016
102.5 15.249999999999996 4.463381985746625
102.75000000000001 15.249999999999996 4.478273519056958
103.0 15.249999999999996 4.493520004342397
103.25 15.249999999999996 4.4963761887807365
103.5 15.249999999999996 4.5008738403932185
103.75000000000001 15.249999999999996 4.505208898773406
104.0 15.249999999999996 4.508993122605043
104.25 15.249999999999996 4.520987386488353
104.5 15.249999999999996 4.517647138696604
104.75 15.249999999999996 4.509558163323132
105.00000000000001 15.249999999999996 4.4923439555269855
105.25 15.249999999999996 4.461934513658705
105.5 15.249999999999996 4.435341804595276
105.75 15.249999999999996 4.410834036588535
102.0 15.499999999999996 4.437713544756359
102.25 15.499999999999996 4.470070015135266
102.5 15.499999999999996 4.500385395189228
102.75000000000001 15.499999999999996 4.516886675462588
103.0 15.499999999999996 4.526393734202541
103.25 15.499999999999996 4.532386122102082
103.5 15.499999999999996 4.537289728632398
103.75000000000001 15.499999999999996 4.551075259870372
104.0 15.499999999999996 4.559098492061886
104.25 15.499999999999996 4.5669036856916465
104.5 15.499999999999996 4.568942955109292
104.75 15.499999999999996 4.558967188822042
105.00000000000001 15.499999999999996 4.534842080857595
105.25 15.499999999999996 4.49480569809155
105.5 15.499999999999996 4.4620782154819745
105.75 15.499999999999996 4.433841956844758
102.0 15.749999999999996 4.466313340144636
102.25 15.749999999999996 4.502207710151695
102.5 15.749999999999996 4.5277490576763135
102.75000000000001 15.749999999999996 4.543841858342852
103.0 15.749999999999996 4.552101381750959
103.25 15.749999999999996 4.56075306229586
103.5 15.749999999999996 4.566723975778268
103.75000000000001 15.749999999999996 4.577525311462952
104.0 15.749999999999996 4.590556288154136
104.25 15.749999999999996 4.600487853234852
104.5 15.749999999999996 4.607393697203499
104.75 15.749999999999996 4.593377571150133
105.00000000000001 15.749999999999996 4.569028029136981
105.25 15.749999999999996 4.535365422872076
105.5 15.749999999999996 4.490915811849248
105.75 15.749999999999996 4.457556495721759
102.0 15.999999999999996 4.4874660266395034
102.25 15.999999999999996 4.522237370604314
102.5 15.999999999999996 4.549064323299542
102.75000000000001 15.999999999999996 4.565526496409949
103.0 15.999999999999996 4.570412129009802
103.25 15.999999999999996 4.573392355863606
103.5 15.999999999999996 4.579046241575945
103.75000000000001 15.999999999999996 4.591599278262858
104.0 15.999999999999996 4.609493719065616
104.25 15.999999999999996 4.623097162626108
104.5 15.999999999999996 4.626738268948999
104.75 15.999999999999996 4.619602110677426
105.00000000000001 15.999999999999996 4.5928798884246245
105.25 15.999999999999996 4.559382999998115
105.5 15.999999999999996 4.521853533385365
105.75 15.999999999999996 4.4792174427113265
102.0 16.249999999999996 4.504352918440921
102.25 16.249999999999996 4.541956184035597
102.5 16.249999999999996 4.5656744673606235
102.75000000000001 16.249999999999996 4.5745727026162
103.0 16.249999999999996 4.5764554020335515
103.25 16.249999999999996 4.577302100438768
103.5 16.249999999999996 4.5833779982338285
103.75000000000001 16.249999999999996 4.596753381108412
104.0 16.249999999999996 4.61238657737657
104.25 16.249999999999996 4.62705694803296
104.5 16.249999999999996 4.633751359777939
104.75 16.249999999999996 4.625220179367189
105.00000000000001 16.249999999999996 4.605184265729239
105.25 16.249999999999996 4.56845646890693
105.5 16.249999999999996 4.5332116950259245
105.75 16.249999999999996 4.487232208053278
102.0 16.499999999999996 4.52421073233134
102.25 16.499999999999996 4.554069285901162
102.5 16.499999999999996 4.572348709220119
102.75000000000001 16.499999999999996 4.5786307823168375
103.0 16.499999999999996 4.578425576391329
103.25 16.499999999999996 4.576645097530872
103.5 16.499999999999996 4.580376668884624
103.75000000000001 16.499999999999996 4.5907019640535545
104.0 16.499999999999996 4.608628429935334
104.25 16.499999999999996 4.621470646389395
104.5 16.499999999999996 4.626300962039083
104.75 16.499999999999996 4.616310710662115
105.00000000000001 16.499999999999996 4.595710959564741
105.25 16.499999999999996 4.556081920955315
105.5 16.499999999999996 4.523233164977477
105.75 16.499999999999996 4.4903088648986405
102.0 16.749999999999996 4.537851423194405
102.25 16.749999999999996 4.565450900525481
102.5 16.749999999999996 4.582075617797356
102.75000000000001 16.749999999999996 4.584431845587869
103.0 16.749999999999996 4.579984370382216
103.25 16.749999999999996 4.575594632308267
103.5 16.749999999999996 4.57674509260172
103.75000000000001 16.749999999999996 4.585945668459419
104.0 16.749999999999996 4.597271082523916
104.25 16.749999999999996 4.607593769489415
104.5 16.749999999999996 4.608214092069147
104.75 16.749999999999996 4.597075807409851
105.00000000000001 16.749999999999996 4.566451575401476
105.25 16.749999999999996 4.536501429237362
105.5 16.749999999999996 4.50047923238022
105.75 16.749999999999996 4.4699983917283515
102.0 16.999999999999996 4.561213599059586
102.25 16.999999999999996 4.5830461814949865
102.5 16.999999999999996 4.593295202012674
102.75000000000001 16.999999999999996 4.593436952921635
103.0 16.999999999999996 4.585477739846283
103.25 16.999999999999996 4.581099852450553
103.5 16.999999999999996 4.578304552678341
103.75000000000001 16.999999999999996 4.581670428968592
104.0 16.999999999999996 4.5869998531908385
104.25 16.999999999999996 4.590002900056837
104.5 16.999999999999996 4.578113675476831
104.75 16.999999999999996 4.559576126191979
105.00000000000001 16.999999999999996 4.530484995223008
105.25 16.999999999999996 4.499880207068984
105.5 16.999999999999996 4.4587452832496615
105.75 16.999999999999996 4.434933054911527
102.0 17.249999999999996 4.5802269141087875
102.25 17.249999999999996 4.599439692423503
102.5 17.249999999999996 4.607479800109942
102.75000000000001 17.249999999999996 4.608954480993672
103.0 17.249999999999996 4.6020506292299155
103.25 17.249999999999996 4.591546863966437
103.5 17.249999999999996 4.584753699638237
103.75000000000001 17.249999999999996 4.579625894434335
104.0 17.249999999999996 4.5740115720489705
104.25 17.249999999999996 4.564296992278165
104.5 17.249999999999996 4.546587260932502
104.75 17.249999999999996 4.521817180816352
105.00000000000001 17.249999999999996 4.491456990776435
105.25 17.249999999999996 4.453547931560821
105.5 17.249999999999996 4.4276834864378145
105.75 17.249999999999996 4.40367027594018
102.0 17.499999999999996 4.594874150941254
102.25 17.499999999999996 4.614319681300965
102.5 17.499999999999996 4.623884482910819
102.75000000000001 17.499999999999996 4.622933622328673
103.0 17.499999999999996 4.616023150586019
103.25 17.499999999999996 4.603789836429715
103.5 17.499999999999996 4.591413632726526
103.75000000000001 17.499999999999996 4.5778379673265945
104.0 17.499999999999996 4.561195777737162
104.25 17.499999999999996 4.541749602595374
104.5 17.499999999999996 4.51617501641546
104.75 17.499999999999996 4.478609727461676
105.00000000000001 17.499999999999996 4.447829510974459
105.25 17.499999999999996 4.418476854951087
105.5 17.499999999999996 4.397294403336212
105.75 17.499999999999996 4.376466721064804
102.0 17.749999999999996 4.5938140584975065
102.25 17.749999999999996 4.615801033130944
102.5 17.749999999999996 4.626661152702543
102.75000000000001 17.749999999999996 4.631090753941401
103.0 17.749999999999996 4.622610552062905
103.25 17.749999999999996 4.610590294538453
103.5 17.749999999999996 4.591729754124149
103.75000000000001 17.749999999999996 4.571729344581029
104.0 17.749999999999996 4.547354581918497
104.25 17.749999999999996 4.512923704158248
104.5 17.749999999999996 4.481292960500718
104.75 17.749999999999996 4.447500757546315
105.00000000000001 17.749999999999996 4.418610748044248
105.25 17.749999999999996 4.395796866576003
105.5 17.749999999999996 4.374564278175052
105.75 17.749999999999996 4.366004983048583
102.0 17.999999999999996 4.578289846413567
102.25 17.999999999999996 4.604377757709873
102.5 17.999999999999996 4.613179560981596
102.75000000000001 17.999999999999996 4.6172624362645225
103.0 17.999999999999996 4.612636954559449
103.25 17.999999999999996 4.599749820780683
103.5 17.999999999999996 4.581513013857332
103.75000000000001 17.999999999999996 4.549767880157015
104.0 17.999999999999996 4.520568909908339
104.25 17.999999999999996 4.487067417768184
104.5 17.999999999999996 4.455126925847928
104.75 17.999999999999996 4.425950033897336
105.00000000000001 17.999999999999996 4.394158109594287
105.25 17.999999999999996 4.378425669799747
105.5 17.999999999999996 4.367868526019006
105.75 17.999999999999996 4.363465301900821
102.0 18.249999999999996 4.547661798229735
102.25 18.249999999999996 4.566610084358879
102.5 18.249999999999996 4.582658253865017
102.75000000000001 18.249999999999996 4.586432977069526
103.0 18.249999999999996 4.58641152496317
103.25 18.249999999999996 4.56429675722245
103.5 18.249999999999996 4.543659125142159
103.75000000000001 18.249999999999996 4.516950565768389
104.0 18.249999999999996 4.488368303837931
104.25 18.249999999999996 4.460403768545841
104.5 18.249999999999996 4.4237567115694825
104.75 18.249999999999996 4.401397275892155
105.00000000000001 18.249999999999996 4.3831448262450055
105.25 18.249999999999996 4.372631325012862
105.5 18.249999999999996 4.367283590963807
105.75 18.249999999999996 4.36410134419252
102.0 18.499999999999993 4.511660255157715
102.25 18.499999999999993 4.526942171247574
102.5 18.499999999999993 4.542214420332787
102.75000000000001 18.499999999999993 4.535645732493971
103.0 18.499999999999993 4.5283763665355865
103.25 18.499999999999993 4.515515402605143
103.5 18.499999999999993 4.4951063902835635
103.75000000000001 18.499999999999993 4.473341340764212
104.0 18.499999999999993 4.4397161322703536
104.25 18.499999999999993 4.418160263828805
104.5 18.499999999999993 4.398563090939929
104.75 18.499999999999993 4.383710336180988
105.00000000000001 18.499999999999993 4.373317161965482
105.25 18.499999999999993 4.365064644438751
105.5 18.499999999999993 4.363703457120121
105.75 18.499999999999993 4.363588091186095
102.0 18.749999999999993 4.475528691840386
102.25 18.749999999999993 4.4801216333905565
102.5 18.749999999999993 4.483531126080805
102.75000000000001 18.749999999999993 4.4828900838146115
103.0 18.749999999999993 4.472240040854529
103.25 18.749999999999993 4.457620375282672
103.5 18.749999999999993 4.430047284026465
103.75000000000001 18.749999999999993 4.411240555495673
104.0 18.749999999999993 4.394309999482506
104.25 18.749999999999993 4.380410173491299
104.5 18.749999999999993 4.370231965420989
104.75 18.749999999999993 4.360160465810043
105.00000000000001 18.749999999999993 4.357530978815291
105.25 18.749999999999993 4.356193753324281
105.5 18.749999999999993 4.3567046550209385
105.75 18.749999999999993 4.356991264393247
102.0 18.999999999999996 4.433470846763238
102.25 18.999999999999996 4.440803927135983
102.5 18.999999999999996 4.4397064915890985
102.75000000000001 18.999999999999996 4.432869480152104
103.0 18.999999999999996 4.411344822033005
103.25 18.999999999999996 4.393115067623929
103.5 18.999999999999996 4.376228889408998
103.75000000000001 18.999999999999996 4.361112385056711
104.0 18.999999999999996 4.350124480804693
104.25 18.999999999999996 4.3396701183910364
104.5 18.999999999999996 4.33825182879067
104.75 18.999999999999996 4.339345550534966
105.00000000000001 18.999999999999996 4.340723715874714
105.25 18.999999999999996 4.3421216812731025
105.5 18.999999999999996 4.343233295057407
105.75 18.999999999999996 4.344595347098255
