>
87.7928	37.4091
87.9279	37.3182
88.1081	37.2273
88.3333	37.1364
88.6036	37.0455
88.964	36.9091
89.2793	36.8182
89.6396	36.7273
89.955	36.6818
90.3604	36.5909
90.7658	36.5
91.0811	36.4091
91.4414	36.3182
91.8018	36.2727
92.1622	36.1818
92.5225	36.0909
92.8829	36
93.2432	36
93.6937	35.9545
94.2793	35.9545
94.7748	35.9091
95.3604	35.9091
95.9009	35.8636
96.3514	35.8636
96.7568	35.8636
97.1622	35.8182
97.6577	35.7727
98.1532	35.7273
98.5586	35.5909
98.964	35.4545
99.3243	35.2727
99.6396	35.0909
100	34.9091
100.45	34.6818
100.856	34.5455
101.261	34.4545
101.667	34.4091
102.117	34.3636
102.523	34.2727
102.883	34.2273
103.288	34.2273
103.649	34.2273
104.099	34.2273
104.55	34.2273
104.91	34.2273
>
78.632490891527894 33.707403038243214
78.922668446895443 33.676858032415055
79.5182960605446 33.577586763473526
79.900108633396627 33.455406740160882
80.274284954791611 33.340862968305274
80.602643767444349 33.180501687707419
81.015001346124535 33.073594167308855
81.266997644206867 33.004867904195493
81.557175199574417 32.928505389625087
81.854989006398995 32.783416611941313
82.09171280156724 32.668872840085712
82.389526608391819 32.54669281677306
82.656795409388238 32.516147810944901
82.924064210384657 32.477966553659698
83.260059274494438 32.36342278180409
83.947321905628087 32.294696518690721
84.229863209538593 32.264151512862561
84.520040764906128 32.210697752663279
84.79494581735959 32.18015274683512
85.077487121270082 32.157243992463997
85.344755922266501 32.18015274683512
85.58147971743476 32.195425249749199
85.833476015517093 32.187788998292156
86.261106097111366 32.141971489549917
86.490193640822568 32.080881477893591
86.810916202018277 32.012155214780222
87.177456271956217 31.889975191467578
87.58217759917936 31.836521431268295
87.941081417660271 31.867066437096454
88.383984002168617 31.989246460409102
88.773432826477688 32.119062735178794
89.399605445955004 32.172516495378076
89.727964258607741 32.157243992463997
90.170866843116102 32.073245226436548
90.819948216964534 31.996882711866146
91.148307029617285 32.073245226436548
91.491938345184096 32.225970255577359
91.736298391809399 32.309969021604807
91.973022186977659 32.355786530347046
92.667921069568337 32.225970255577359
92.988643630764045 32.057972723522468
93.179549917190059 31.9510652031239
93.454454969643507 31.93579270020982
93.691178764811767 31.851793934182375
93.996628823093388 31.76779516815493
94.561711430914386 31.615070139014119
94.821343980453761 31.622706390471158
95.103885284364253 31.645615144842282
95.378790336817715 31.576888881728916
95.691876646556381 31.431800104045148
95.989690453380959 31.32489258364658
96.264595505834407 31.256166320533215
96.524228055373797 31.15689505159169
96.799133107827245 31.065260034107204
97.219126937964475 30.710174341354818
97.455850733132735 30.39708803161616
97.639120768101705 30.145091733533825
97.791845797242516 29.954185447107811
97.92929832346924 29.786187915052921
97.998024586582602 29.587645377169867
98.104932106981181 29.373830336372734
98.326383399235354 29.129470289747438
98.58601594877473 28.671295202325005
98.761649732286656 28.358208892586347
98.784558486657772 28.068031337218805
98.838012246857062 27.754945027480147
98.929647264341554 27.266224934229555
99.044191036197162 26.930229870119774
99.097644796396438 26.647688566209276
99.051827287654191 26.388056016669896
99.097644796396438 25.719884014178852
99.258006076994292 25.414433955897234
99.464184866334378 25.170073909271938
99.845997439186405 24.864623850990316
100.036903725612419 24.757716330591752
100.365262538265156 24.742443827677668
100.563805076148213 24.635536307279104
100.670712596546778 24.520992535423495
>
94.899728311730414 30.019902035269613
94.723322458464551 29.83974286597682
94.689542614222162 29.663337012710958
94.644502821898953 29.501944423552828
94.468096968633091 29.374331678637098
94.00643909732031 29.085326344563239
93.815019979946712 29.002753391970707
93.405908533010987 28.972726863755241
93.101889934829401 28.999000075943776
92.857924393078747 29.044039868266974
92.625218799408884 29.070313080455506
92.426293049981425 29.14537940099417
92.234873932607826 29.190419193317368
92.050961447288088 29.216692405505903
91.882062226076101 29.220445721532837
91.716916320891031 29.212939089478969
91.454184199005724 29.23545898564057
91.063839332204665 29.250472249748302
90.801107210319344 29.261732197829101
90.527115140353217 29.269238829882969
90.264383018467896 29.227952353586701
89.971624368367102 29.216692405505903
89.547499657323641 29.299265358098435
89.326054011734584 29.2392123016675
89.044555309714582 29.197925825371236
88.736783395506066 29.149132717021104
88.507831117863134 29.137872768940305
88.32391863254341 29.164145981128836
88.102472986954339 29.216692405505903
87.888533973419158 29.242965617694434
87.640815115641558 29.246718933721368
87.280496777055973 29.284252093990702
87.066557763520777 29.280498777963768
86.871385330120248 29.291758726044566
86.623666472342649 29.325538570286966
86.477287147292259 29.344305150421633
86.237074921568535 29.355565098502431
85.933056323386936 29.419371470960296
85.730377257932545 29.441891367121897
85.512684928370419 29.441891367121897
85.283732650727487 29.441891367121897
85.133600009650152 29.45690463122963
85.017247212815235 29.460657947256561
84.837088043522428 29.498191107525894
84.671942138337371 29.580764060118426
84.450496492748314 29.685856908872555
84.30411716769791 29.757169913384288
84.168997790728312 29.779689809545886
84.052644993893381 29.817222969815219
83.632273598876878 30.03866861540428
83.542194014230475 30.113734935942944
83.395814689180085 30.207567836616274
83.23817541604889 30.297647421262674
83.125575935240889 30.365207109747473
82.997963190325166 30.417753534124536
82.84032391719397 30.459040010420804
82.67893132803583 30.496573170690134
82.506278790796912 30.519093066851735
82.318612989450244 30.534106330959467
82.115933923995854 30.552872911094134
81.958294650864659 30.575392807255731
81.804408693760394 30.601666019444266
81.605482944332934 30.659842417861736
>
94.934052525648838 30.041930174035262
95.135002618598989 30.00174015544523
95.368104726421166 29.945474129419189
95.601206834243357 29.77667605134106
95.770004912321482 29.656105995570968
95.946840994117608 29.599839969544924
96.147791087067773 29.431041891466794
96.316589165145899 29.270281817106675
96.461273232070013 29.125597750182564
96.597919295276114 28.964837675822441
96.734565358482214 28.804077601462318
97.072161514638466 28.289645363509923
97.281149611306631 28.056543255687746
97.570517745154859 27.87970717389161
97.77950584182301 27.694833088377472
97.916151905029125 27.630529058633421
98.117101997979276 27.493882995427317
98.366280113237465 27.252742883887134
98.470774161571541 26.770462660806764
98.422546139263503 26.513246541830569
98.293938079775401 26.15153637452029
98.205520038877339 25.934510274134126
98.197482035159339 25.596914117977867
98.173368024005313 25.404002028745722
98.149254012851301 25.195013932077561
98.117101997979276 24.897607794511334
98.068873975671238 24.744885723869217
>
72.510633869437768 34.807457520041964
72.652336670528555 34.99167116145999
72.77278405145573 35.112118542387158
72.935742272710129 35.168799662823467
73.070359933746374 35.15462938271439
73.127041054182683 35.0483522818963
73.190807314673549 34.849968360369203
73.197892454728077 34.786202099878345
73.580490017673199 34.772031819769268
73.89932132012747 34.949160321132752
74.104790381709108 35.119203682441693
74.324429723399831 35.2821619036961
74.48738794465423 35.38843900451419
74.671601586072256 35.508886385441357
74.699942146290411 35.678929746750299
74.799134107053959 35.863143388168325
74.855815227490282 36.019016469368189
75.054199149017379 35.941079928768254
75.188816810053623 35.841887968004706
75.146305969726384 35.678929746750299
74.990432888526527 35.530141805604977
74.898326067817521 35.459290405059583
74.841644947381198 35.374268724405113
74.891240927762979 35.289247043750642
74.869985507599353 35.182969942932552
74.841644947381198 35.027096861732687
74.877070647653895 34.8853940606419
75.025858588799224 34.722435839387494
75.146305969726384 34.637414158733023
75.273838490708101 34.54530733802401
75.394285871635262 34.460285657369539
75.628095493435069 34.417774817042307
75.847734835125777 34.424859957096842
76.051662255680469 34.424568006602129
76.363992319069624 34.472618785585077
76.58708522149044 34.452025594592385
76.906279681877152 34.30787325764355
77.060728614322343 34.184314111687399
77.173991164782137 34.084780355222726
77.3318722957261 33.995543194254402
77.654498954611597 33.806772276821398
77.778058100567748 33.707238520356725
77.898185048025113 33.631730153383522
78.014879796983692 33.545925190913977
78.117845751947144 33.480713419437123
78.440472410832641 33.22329853202848
78.515980777805837 33.123764775563806
78.694455099742498 33.007070026605227
78.862632826182804 32.955587049123494
78.955302185649927 32.897239674644204
79.205852676061014 32.634676489487397
79.374030402501319 32.473363160044649
79.507886143953812 32.356668411086062
79.706953656883158 32.157600898156716
79.816784008844181 32.020312958205444
79.864834787827121 31.910482606244422
79.960936345793016 31.83154204077244
80.057037903758911 31.783491261789493
80.135978469230892 31.714847291813857
80.211486836204088 31.622177932346748
80.235512225695558 31.536372969877199
80.29042740167607 31.464296801402782
80.472333922111517 31.397368930676535
80.595893068067653 31.369911342686279
>
77.845032879021801 35.831470837748924
78.098331572732462 35.71593108272301
78.36496177663841 35.627054348087697
78.51605222551845 35.564840633842969
78.760463245765578 35.467076225744123
78.889334510986785 35.395974838035869
79.12485785777038 35.293766593205255
79.29816749030924 35.164895327984041
79.551466184019901 34.987141858713407
79.755882673681128 34.893821287346327
79.955855326610589 34.862714430223967
80.24470471417537 34.8449390832969
>
81.488978999069815 35.076018593348728
81.791159896829896 35.076018593348728
82.031127080345257 35.098237777007554
82.159998345566464 35.102681613739321
82.284425774055904 35.102681613739321
82.408853202545359 35.071574756616961
82.542168304498333 35.049355572958127
82.653264222792473 35.053799409689894
82.764360141086627 35.062687083153428
82.911006753234901 35.067130919885194
83.097647895969061 35.116013123934621
83.275401365239702 35.124900797398148
>
83.538476499760222 35.164895327984041
83.85843274444737 35.138232307593448
84.165057478939204 35.089350103544021
84.453906866503999 35.076018593348728
84.671654866360527 35.044911736226368
84.880515192753521 35.022692552567534
85.013830294706494 34.956035001591047
85.187139927245354 34.924928144468687
85.387112580174829 34.8449390832969
85.72484417178903 34.796056879247473
85.991474375694978 34.778281532320413
86.222553885746805 34.773837695588647
86.266992253064473 34.787169205783947
>
77.75941790041793 35.853923145868634
77.589020507828494 35.946029844565629
77.409412445369355 36.042741878197475
77.225199047975352 36.157875251568719
76.981116296428311 36.263797955070267
76.769270889425229 36.355904653767261
>
75.452145098058182 37.516449057349412
75.599515815973376 37.428947693587268
75.742281198953719 37.235523626323577
75.834387897650714 37.111179583082631
75.958731940891667 36.982230204906834
76.046233304653811 36.830254152056789
76.161366678025047 36.67827809920675
76.382422754897846 36.5631447258355
76.612689501640332 36.346693983897559
>
86.782477313949286 34.87382402205337
86.960230783219927 34.93603773629809
87.293518538102362 34.998251450542817
87.533485721617723 35.047133654592237
87.733458374547183 35.05602132805577
87.893436496890757 35.038245981128711
88.084521476356684 34.96270075668869
88.293381802749693 34.940481573029857
88.457803761825019 34.958256919956924
88.648888741290961 34.93159389956633
88.982176496173395 34.88715553224867
89.195480659298156 34.847161001662776
89.395453312227616 34.847161001662776
89.55543143457119 34.87382402205337
89.67985886306063 34.88715553224867
89.857612332331271 34.90493087917573
90.380023529372266 35.010654268296122
90.868238014063337 34.967257425212466
91.356452498754422 34.891312949816083
92.050801988092829 34.663479523626911
92.614960948180297 34.587535048230521
93.070627800558626 34.48989215129231
93.55884228524971 34.392249254354091
93.916866240689828 34.207812671248575
94.22064414227539 34.055923720455795
94.470175990006382 33.871487137350279
94.806501523904672 33.654502921932028
95.153676268573875 33.459217128055599
95.479152591701265 33.253082123408255
95.793779704057727 33.166288437240951
96.086708394872375 33.003550275677263
96.455581561083406 32.721470795633529
96.748510251898054 32.515335790986185
96.867851570378093 32.265803943255193
96.889549991919921 32.037970517066022
97.052288153483616 31.875232355502334
97.258423158130952 31.647398929313166
97.432010530465561 31.452113135436736
97.583899481258342 30.974747861516576
97.833431328989334 30.855406543036533
98.126360019803982 30.822858910723795
98.408439499847702 30.605874695305541
98.582026872182311 30.44313653374185
98.994296881476998 29.775910071330717
99.09193977841521 29.309394008181467
99.094645155592502 29.168714394961899
>
75.477474440199842 38.466443304378892
75.58541197773539 38.329722423500542
75.67895784359952 38.164218199279375
75.765307873627961 37.998713975058209
75.79409121697077 37.861993094179859
75.815678724477877 37.660509690780181
75.844462067820686 37.495005466559014
75.894832918670616 37.358284585680657
76.053141307056066 37.12801783893817
76.340974740484185 36.883359420524272
76.866270756490493 36.624309330438969
77.118125010740087 36.545155136246237
77.463525130853824 36.473196777889214
>
71.718710607274275 38.330207230742573
71.871676459728562 38.346480193769629
72.076715793869425 38.405062860667016
72.193881127664199 38.470154712775219
72.317555646669788 38.502700638829324
72.450993943491611 38.528737379672606
72.564904684680982 38.538501157488838
72.652778685027059 38.558028713121303
72.779707796638064 38.577556268753767
72.896873130432837 38.564537898332127
73.020547649438441 38.554774120515894
73.105167057179102 38.525482787067197
73.313460983925381 38.496191453618508
73.450153873352605 38.515719009250965
73.603119725806906 38.496191453618508
73.697502911363799 38.479918490591452
73.811413652553171 38.447372564537346
73.922069801137127 38.421335823694065
74.052253505353534 38.421335823694065
74.192200987386187 38.398553675456192
74.319130098997192 38.4018082680616
74.420022469764916 38.382280712429143
74.494878099689359 38.395299082850784
74.638080174327413 38.414826638483248
74.729208767278905 38.418081231088657
74.833355730652031 38.382280712429143
74.875665434522375 38.356243971585855
74.901702175365656 38.333461823347982
>
72.298560691878308 35.870369175023342
72.410842185682995 35.970174947294176
72.516885818720752 36.007602111895736
72.610453730224648 36.057504998031149
72.691545920194699 36.113645744933493
72.803827413999386 36.138597188001199
72.928584629337919 36.176024352602759
73.059579705443383 36.207213656437396
73.17186119924807 36.25711654257281
73.290380553819674 36.307019428708223
73.421375629925137 36.356922314843636
73.527419262962894 36.400587340212127
73.608511452932945 36.40682520097905
73.714555085970701 36.394349479445196
73.79762207608303 36.360721454165002
73.885071241749216 36.357705965693754
73.969504918944168 36.342628523337517
74.087108969322841 36.300411684740041
74.198682042759017 36.288349730855046
74.313270604666442 36.234070938372582
74.488168935998829 36.182807634361367
74.65100531344622 36.155668238120136
74.874151460318586 36.089327491752677
75.003817464582241 36.022986745385218
75.151576399673402 35.983785395258998
75.263149473109578 35.905382695006544
75.383769011959501 35.787778644627871
75.474233666096936 35.685252036605441
75.555651854820638 35.594787382467999
75.67928688214181 35.48924528597432
75.802921909462981 35.428935516549359
75.890371075129167 35.383703189480634
75.989882194680362 35.29926951228569
76.059238429519056 35.287207558400695
76.188904433782724 35.258560417923839
76.466329373137555 35.18618869461389
76.728676870136127 35.068584644235216
77.072442555858402 34.884639847489083
77.337805541328237 34.724818958512941
77.464456057120657 34.583091000364277
77.663478296223019 34.44136304221562
77.793144300486688 34.375022295848161
>
72.301177823990542 35.887424857473611
72.105623838352059 35.760889925589879
71.864057150210385 35.553832764325591
71.507458705810791 35.174227968674401
71.20837613954015 34.96717080741012
70.782758641385797 34.610572363010519
70.311128440728254 34.484037431126787
69.954529996328645 34.484037431126787
69.735969659438567 34.507043782378375
>
99.105097692431002 29.119364628758024
99.095394946221418 28.867093227308878
99.046881215173499 28.576010841021397
99.027475722754332 28.440172394087238
99.075989453802251 28.352847678200995
>
100.958322218461291 24.481451940577504
100.812781025317548 24.8210480579129
100.638131593545054 25.034508474523719
100.492590400401326 25.199455160086625
100.279129983790497 25.40321283048786
100.055966820970099 25.713700709194505
99.842506404359284 26.024188587901151
99.803695419520949 26.383190197655711
99.958939358874275 26.771300046039016
99.929831120245524 27.178815386841489
99.793992673311365 27.46989777312897
99.561126764281383 27.741574666997284
99.318558109041817 28.110279022961429
99.192422408317242 28.236414723686003
99.037178468963916 28.362550424410578
99.085692200011835 28.362550424410578
>
82.502045963506447 35.90690006036786
82.939994401703004 36.012611752346338
83.307468378580566 36.113289554230597
83.730315146494476 36.249204586774354
83.926636860168784 36.289475707528062
84.233704155915788 36.294509597622273
84.837770967221374 36.334780718375981
85.149872153062589 36.440492410354459
85.37136331720798 36.551237992427147
85.567685030882288 36.661983574499835
85.814345645498733 36.702254695253544
86.020735139361477 36.702254695253544
86.201955182753153 36.682119134876693
86.403310786521672 36.702254695253544
86.639903620949696 36.702254695253544
87.027513158204115 36.626746343840345
87.334580453951119 36.561305772615576
87.994020056293053 36.571373552803998
88.341358472793758 36.591509113180855
88.658493548729197 36.531102432050297
88.970594734570412 36.470695750919738
89.156848668056298 36.410289069789179
89.217255349186857 36.39518739950654
>
142.651951 53.228128
141.568846 52.583112
141.033198 52.272856
140.425853 51.808238
139.76283 51.522807
139.570358 51.468294
139.047182 51.417164
138.603995 51.225046
138.103893 50.950671
137.929935 50.875918
136.850025 50.539399
135.702647 50.057161
134.890797 49.862708
134.089085 49.678353
133.534697 49.345183
132.980847 48.996258
132.344126 48.779708
131.6551 48.38936
131.304346 47.992907
130.581905 47.516616
130.216742 47.107791
129.960818 46.906366
129.63162 46.44856
129.051845 45.995788
128.827926 45.804598
128.374824 45.466821
127.909475 45.144776
127.423286 44.722074
126.684141 44.344094
125.913404 43.879674
124.96877 43.315307
124.435697 42.805668
123.856997 42.227468
123.359359 41.712691
123.05086 41.43914
122.690887 41.083424
121.434848 40.747955
121.088752 40.464659
120.852784 40.228579
120.664 40.134147
120.333632 40.023971
120.00328 39.850843
119.751568 39.756411
119.311088 39.724939
118.996464 39.787891
118.681005 39.876913
118.054803 40.075425
117.481997 40.151958
116.950639 40.26686
116.686942 40.352084
116.502555 40.461616
116.174684 40.491523
115.684336 40.685375
115.224209 40.790157
114.786285 40.842376
114.443959 40.789641
114.049885 40.716154
113.793348 40.652037
113.269883 40.694536
112.884861 40.803692
112.630604 40.780296
112.359353 40.828345
112.204748 40.873965
112.051559 40.976687
111.836023 40.951182
111.560866 40.868758
111.24664 40.743203
110.506099 40.647945
110.175509 40.634534
110.078395 40.720553
109.903144 40.777853
109.610347 40.891949
109.22359 40.991672
109.094274 41.06868
108.725219 41.30213
108.107585 41.280084
107.780125 41.347172
107.44173 41.362969
107.069117 41.491849
106.708065 41.64142
106.444926 41.77832
106.177747 41.972064
105.893552 42.437769
105.46992 42.827011
105.245702 43.481449
104.976516 44.135009
104.745599 44.7618
104.363602 45.658749
104.076083 46.329006
103.768385 46.693985
103.437711 47.261927
103.310814 47.679344
103.17046 48.2139
103.202159 48.757671
103.386774 49.76627
103.684788 50.385238
104.110061 50.875814
104.467826 51.186148
104.946198 51.455505
105.820524 51.675422
106.331885 51.926948
106.856688 51.983321
106.91123 52.28304
107.177907 52.512497
107.542194 52.668462
108.070482 52.840822
108.434025 53.190316
109.391231 53.332295
110.118201 53.679974
110.546243 54.14771
111.313747 54.537506
111.899025 54.942489
112.46229 55.209447
112.934865 55.507503
113.67166 55.660689
114.943761 55.748511
116.272472 55.870164
117.371515 56.069148
118.20032 56.213567
118.881646 56.331418
119.482636 56.389336
120.233344 56.295499
121.290081 56.129658
121.940649 56.050256
122.704452 55.92788
123.419357 55.588934
123.890433 55.392814
124.489083 55.338096
125.110553 55.278797
126.016696 55.187763
126.801433 55.104523
127.698183 54.988871
128.222741 54.943298
129.205049 54.63778
130.049132 54.413748
130.730305 54.160129
131.249019 54.130028
131.904114 54.099645
133.10315 54.129712
133.94178 54.313497
134.762414 54.493784
136.011987 54.691159
137.96385 54.950564
139.450106 55.111308
140.881121 55.099903
142.41988 55.212546
142.524626 54.686727
142.613707 54.210959
142.631937 53.679853
142.644177 53.351939
142.651951 53.228128
>
142.245422 52.329272
141.709806 52.019016
141.34331 51.934408
141.145966 51.821592
140.751278 51.65236
140.28072 51.369583
139.803009 51.267074
139.313856 51.179025
138.742513 51.039428
138.324557 50.829015
137.800846 50.691169
137.245777 50.426118
136.980209 50.317385
136.438282 50.114261
135.873853 49.992517
135.000361 49.726574
134.594056 49.639232
134.308459 49.556952
133.954804 49.446507
133.599081 49.219131
133.342443 48.936859
132.580093 48.631354
132.154813 48.452279
131.617303 47.981216
131.201122 47.748325
130.930561 47.429836
130.598451 47.14601
130.229728 46.854597
129.959996 46.511021
129.682466 46.321111
129.339992 45.962448
128.957921 45.710397
128.451353 45.322762
128.045752 45.022344
127.757394 44.744377
127.409179 44.574383
126.996321 44.42428
126.429365 44.065828
126.346137 43.862636
125.92862 43.660934
125.521582 43.494671
125.244085 43.188341
124.831909 42.809264
124.462479 42.362916
123.994489 41.827151
123.591375 41.507925
122.928531 40.853604
122.688856 40.64106
122.419882 40.379018
122.152413 40.047192
122.056945 39.861148
122.008309 39.500903
122.074545 39.360311
122.106642 39.289465
122.191077 39.231359
122.34728 39.189819
122.495252 39.154945
122.643195 39.118113
122.995823 39.03577
123.472914 38.950968
124.048 38.857593
124.868288 38.748916
125.009387 38.735242
125.169916 38.726721
125.380784 38.710792
125.638397 38.646331
126.014826 38.545713
126.105475 38.524373
126.945543 38.417158
127.163166 38.38972
127.295801 38.370771
127.523842 38.324196
128.309409 38.14653
128.8444 38.025147
129.490632 37.896424
130.169911 37.754846
131.156821 37.480714
132.132272 37.222467
133.4852 37.206727
134.36616 37.190987
135.435783 37.267402
136.244433 37.362154
136.71016 37.411331
137.367665 37.438618
137.842663 37.454231
138.183862 37.450272
138.394099 37.441888
138.763631 37.809659
139.124439 38.213782
139.211865 38.475722
139.358694 38.967871
139.515779 39.52228
139.636227 40.149912
139.710749 40.621495
139.780102 41.120416
139.875437 41.678383
139.972255 42.236742
140.101342 42.866167
140.126015 43.170851
140.32134 43.696495
140.561254 44.355927
140.840175 44.96926
141.11205 45.638014
141.498233 46.256788
141.770579 46.824509
142.030131 47.475922
142.235733 48.049455
142.391237 48.556781
142.323548 49.209357
142.242518 49.880025
142.220867 50.593045
142.327369 51.15959
142.724686 52.554904
142.499125 52.407231
142.245422 52.329272
>
138.163896 37.192318
137.230859 37.009636
136.489904 36.860475
135.593232 36.655871
134.303248 36.482743
133.060432 36.624391
132.006416 36.608651
131.251312 36.734563
130.433264 36.891951
129.58376 37.112295
128.860112 37.285423
128.213782 37.411655
127.453632 37.538146
126.563312 37.741847
125.87112 37.836279
125.241872 37.899235
124.628352 37.914975
124.078417 37.877761
123.924246 37.865548
123.698563 37.795305
123.427534 37.70806
123.109202 37.637731
122.869087 37.578989
122.696841 37.540805
122.585969 37.52532
122.270166 37.479229
121.755655 37.573856
121.41858 37.687108
121.254162 37.740502
120.940785 37.742398
120.717506 37.742345
120.607697 37.661235
120.188338 37.300431
119.885102 37.065256
119.480493 36.381041
119.180108 36.119735
118.906132 35.65881
118.755972 35.299698
118.611839 35.124877
118.507567 34.737665
118.387925 34.486976
118.26016 33.854462
118.17829 33.354205
118.049891 32.832095
117.918923 32.420947
117.596983 31.873537
117.437616 31.599343
117.25409 31.375824
117.151601 31.22132
117.409314 31.118849
117.901643 31.000258
118.548886 30.818787
119.039114 30.707707
119.610505 30.47762
120.04898 30.203424
120.614525 30.070076
121.370653 30.010384
122.00155 29.911113
122.477648 29.860789
123.172582 29.77776
123.766897 29.72633
124.249657 29.679641
124.921952 29.578029
125.64067 29.511824
126.43003 29.3426
127.416734 29.257984
127.344584 28.998181
127.550546 29.356582
127.910241 29.803905
128.279097 30.273994
128.540897 30.647162
128.669852 30.953231
128.822969 31.556609
128.927953 31.878688
129.047556 32.323752
129.260362 32.703493
129.483998 33.118862
129.668162 33.490256
129.92233 33.699501
130.424036 33.954859
130.832548 34.199505
131.305018 34.494892
131.863141 34.798938
132.268767 35.053328
132.65484 35.285223
132.878096 35.445705
133.243294 35.54148
133.58269 35.653913
134.105132 35.780657
134.401146 35.798525
134.910319 35.874316
135.300838 36.015911
135.830385 36.104383
136.150394 36.239706
136.313852 36.318878
136.519005 36.430402
136.686959 36.529
136.806796 36.609553
137.086635 36.768951
137.503374 36.942132
137.750332 37.051036
138.092141 37.09154
138.163896 37.192318
>
127.298773 28.917092
127.327906 28.988141
127.47311 29.229784
126.937478 29.286192
125.89439 29.427208
125.302374 29.511824
124.423229 29.669999
123.746277 29.728787
123.109719 29.778948
122.551746 29.840865
121.933336 29.924109
121.301473 30.017141
120.552168 30.075755
120.042037 30.204023
119.795965 30.379201
119.241234 30.667155
118.751511 30.779083
118.218884 30.916635
117.771627 31.03366
117.437665 31.104694
117.18003 31.207229
116.786833 31.292281
116.496311 31.370386
116.25243 31.482351
115.897193 31.710469
115.753859 31.791556
115.45989 31.871699
114.980918 31.851425
114.404203 31.923141
113.946272 32.119935
113.62957 32.294362
113.276149 32.452393
113.056643 32.605981
112.806613 32.772146
112.630632 32.923832
112.242292 33.079363
111.941895 33.170706
111.626405 33.298393
111.082727 33.4767
110.734351 33.614602
110.216998 33.751941
109.643303 33.923834
109.370247 33.946214
109.093543 33.975546
108.602247 34.016906
108.309831 34.027242
107.950072 34.116611
107.771751 34.161674
107.550192 34.215056
107.221991 34.327114
106.683911 34.430522
106.169255 34.502906
105.525895 34.265066
104.839389 34.032041
104.707111 33.872138
104.705889 33.53874
104.711055 33.245529
104.461447 32.889802
104.37982 32.553027
104.306139 32.315306
104.255567 31.967494
104.212475 31.73093
103.998189 31.399329
103.739567 31.089472
103.337097 30.758407
103.096508 30.45995
102.993405 30.30288
102.967037 30.20175
102.974228 30.107368
103.016592 30.009336
103.196463 29.772062
103.300277 29.381263
103.498339 29.25606
103.729305 28.871653
103.749181 28.59951
103.878637 28.395252
103.88489 28.103753
103.827693 28.014846
103.716702 27.935995
103.597731 27.859912
103.313272 27.55469
103.07767 27.303706
102.980908 27.098167
102.984731 26.873776
103.099062 26.493726
103.104495 26.244073
103.241458 25.914758
103.284414 25.529219
103.210408 25.223843
103.200972 24.432233
103.150175 24.013871
103.265522 23.744082
103.388303 23.550078
103.537225 23.168155
103.877609 22.721005
104.550293 22.024107
104.986372 21.602311
105.902762 20.677141
106.409921 20.12299
107.282509 19.767207
107.868922 19.742818
108.623758 19.742944
109.235629 19.710968
109.872914 19.802922
110.355177 19.942539
110.957709 20.218834
111.418873 20.455218
111.739839 20.806244
112.089557 21.155237
112.521992 21.525976
113.050908 21.89167
113.646741 22.150798
114.107737 22.310664
114.885742 22.605789
115.640237 22.871093
116.481477 23.150949
117.16111 23.548756
117.71941 24.05173
118.359815 24.331091
119.068681 24.701655
119.660306 24.952362
120.102872 25.201346
120.486243 25.27822
121.338914 25.431744
122.275197 25.556886
123.059187 25.66741
123.901766 25.865999
124.464429 26.045351
125.139568 26.370641
125.493106 26.611651
125.946252 27.152619
126.57324 27.892955
127.012649 28.58287
127.298773 28.917092
>
116.918674 31.272278
117.021836 31.439268
117.161462 31.678102
117.357531 32.036796
117.530156 32.285423
117.708485 32.582802
117.791965 32.824323
117.849367 33.104455
117.958067 33.590838
118.037562 34.078871
118.141191 34.49116
118.266468 34.803274
118.417659 35.347603
118.549967 35.843729
118.742624 36.298614
118.874672 36.622035
119.019336 36.907525
119.264738 37.222631
119.367421 37.372025
119.265208 37.400198
119.15324 37.460465
119.033599 37.573636
118.945395 37.73703
118.932411 37.863821
118.876598 37.961954
118.769049 38.073915
118.634822 38.187464
118.38338 38.329138
118.133117 38.491127
117.856314 38.664553
117.702953 38.882645
117.500967 39.117278
117.283627 39.217724
117.122628 39.33827
116.943097 39.518381
116.846376 39.664562
116.666537 39.893345
116.395825 40.017449
116.013391 40.207607
115.747042 40.308593
115.569617 40.273061
115.36549 40.210701
115.105026 40.048751
114.846509 39.898585
114.625048 39.795857
114.488727 39.726799
114.384838 39.64425
114.289105 39.413902
113.758026 39.307296
113.590087 39.226012
113.192089 39.113497
112.873577 38.912144
113.014813 38.773894
113.158107 38.696827
112.93582 38.419675
112.68116 38.093789
112.671202 37.811707
112.837339 37.525855
112.316658 37.254099
112.02247 36.989158
111.808348 36.673359
111.80033 36.32987
111.920004 36.070363
111.866408 35.801146
111.814888 35.605504
111.561903 35.449363
111.210283 35.051773
111.377159 34.850532
111.048024 34.548676
110.532897 34.569672
110.024872 34.576795
109.849553 34.477063
109.878953 34.330052
110.004908 34.172497
110.22748 34.093753
110.546841 34.025678
110.906592 33.84383
111.26534 33.706058
111.606905 33.409541
112.030556 33.21242
112.496696 32.988219
112.660411 32.91087
113.31965 32.414242
113.774721 32.191283
114.389962 31.935999
114.888485 31.855255
115.43895 31.878552
115.738137 31.779971
116.338414 31.440722
116.67069 31.323609
116.918674 31.272278
>
110.526612 40.281231
110.360067 40.299426
110.106105 40.311661
109.812333 40.335113
109.573842 40.381578
109.064063 40.478899
108.569563 40.539233
108.185675 40.590092
107.600175 40.713568
107.411585 40.627881
107.100957 40.416039
106.968315 40.175066
106.952445 39.756936
107.060121 39.538226
107.006265 39.242269
106.870288 38.968984
106.748893 38.757324
106.581208 38.507532
106.380563 38.29345
106.388785 38.121789
106.432031 37.889712
106.401272 37.520579
106.376034 37.041105
106.344717 36.696475
106.394168 36.317268
106.369363 35.837678
106.415344 35.51967
106.458185 35.262933
106.605982 35.082728
106.860887 34.917344
106.989344 34.797628
107.25539 34.705427
107.538981 34.615368
107.85508 34.528002
108.410477 34.559071
108.679877 34.660706
109.031386 34.670085
109.555792 34.709784
109.771633 34.808561
110.034452 34.931499
110.32951 35.152005
110.455405 35.446206
110.518952 35.630061
110.707378 35.739565
111.067106 35.736957
111.320864 35.943151
111.485626 36.358545
111.535351 36.480656
111.647705 36.565128
111.700796 36.822107
111.690596 37.07992
111.758462 37.263048
111.986852 37.45601
112.329729 37.683369
112.493705 37.790733
112.436944 38.025002
112.571637 38.19421
112.529362 38.379156
112.486069 38.539564
112.608525 38.794951
112.616229 39.015787
112.537954 39.115558
112.309404 39.182186
112.308116 39.393406
112.497467 39.43165
112.725421 39.438197
112.73931 39.602216
112.824486 39.7729
113.043345 39.878604
113.064942 40.000978
112.784717 40.031752
112.34184 40.163214
112.008944 40.119553
111.744522 40.106291
111.350046 40.181373
110.962319 40.225891
110.645358 40.297536
110.526612 40.281231
>
99.325745 39.894254
98.732864 40.399231
98.274614 40.705734
97.8375 41.037816
97.107918 41.453668
96.566507 41.800185
96.040532 42.118254
95.575968 42.373608
95.208231 42.527069
94.886436 42.697368
94.48925 42.765343
94.229931 42.83568
93.814618 42.974797
93.497122 43.062112
92.976825 43.186488
92.483906 43.26251
91.988504 43.273868
91.679013 43.245577
91.124104 43.082575
90.778259 42.996839
90.49064 42.893305
90.200309 42.864154
89.937414 42.800636
89.70747 42.867373
89.328018 42.961679
89.022255 42.864625
88.789008 42.879023
88.476955 42.804878
88.18051 42.681918
87.878122 42.468776
87.525151 42.309551
87.10661 42.302546
86.617764 42.29476
86.273396 42.22196
86.028735 42.115244
85.632187 42.043966
85.211571 41.99237
84.893468 42.047626
84.683008 42.046238
84.283872 41.982985
83.931456 41.889313
83.38215 41.806477
83.011779 41.808669
82.510638 41.69338
81.726523 41.451811
81.356178 41.410633
81.241284 41.347187
80.799023 41.352868
80.53893 41.385064
80.371543 41.321839
80.23918 41.17617
80.103986 40.91378
79.877158 40.745907
79.243492 40.469119
78.987869 40.253486
78.408929 39.984223
78.068905 39.926361
77.938231 39.945705
77.68774 39.844218
77.353913 39.811742
76.962302 39.828445
76.742713 39.849724
76.3341 39.677974
76.01477 39.541341
75.846738 39.418224
75.662715 39.394152
75.709947 39.241685
75.762831 39.022793
75.825984 38.8359
75.999551 38.659472
76.245317 38.463634
76.370105 38.167542
76.485999 37.888602
76.532322 37.649237
76.608155 37.427547
76.719638 37.292917
76.855305 37.271156
77.200914 37.285543
77.569337 37.275973
77.903854 37.256637
78.144209 37.193159
78.346653 37.129316
78.609 37.099606
78.900991 37.057612
79.215223 37.02054
79.592131 36.950177
79.946498 36.902155
80.265681 36.816168
80.564186 36.820796
80.800036 36.684037
80.859487 36.531374
81.012353 36.349382
81.367258 36.367894
81.777842 36.500308
82.265879 36.648341
82.77481 36.696694
83.162534 36.861939
83.489637 37.004491
83.725829 37.139142
84.221138 37.21848
84.618202 37.311674
85.054739 37.436569
85.581974 37.640432
85.94245 37.697735
86.516794 37.98353
86.986548 38.219137
87.372451 38.37216
87.875101 38.553224
88.129207 38.699557
88.339534 38.828569
88.518733 38.895824
88.864577 38.989996
89.239041 38.984883
89.446307 38.99911
89.662648 39.070445
90.022576 39.173685
90.582308 39.303769
91.027355 39.266566
91.412678 39.265993
91.836205 39.260304
92.171269 39.259847
92.496433 39.278128
93.053248 39.388582
93.338678 39.45112
93.649503 39.476504
93.981921 39.521343
94.517109 39.600029
94.851978 39.648891
95.092817 39.659929
95.457961 39.750231
95.926712 39.825668
96.520695 39.950742
96.944685 40.004013
97.50903 40.021023
97.835529 40.063618
98.289258 40.042402
98.699019 39.978864
99.122691 39.927623
99.326977 39.894737
99.566527 39.728495
99.325745 39.894254
>
103.505028 35.165958
103.710309 35.112822
103.897158 35.034628
103.86927 35.263696
103.80463 35.554015
103.583555 35.961127
103.426216 36.334307
103.214551 36.765954
102.993578 37.098449
102.946694 37.153764
102.854882 37.213461
102.723911 37.265262
102.574151 37.308706
102.195626 37.409448
101.882522 37.488642
101.528675 37.638336
101.251302 37.726107
100.889478 37.852027
100.510759 38.01244
100.19224 38.060122
99.950803 38.083532
99.610947 38.116641
99.28266 38.114719
98.846478 38.249643
98.528809 38.328842
98.199386 38.387131
97.585858 38.402875
97.017636 38.452015
96.484326 38.635379
96.01842 38.941466
95.587423 39.244271
95.296241 39.343137
94.986143 39.415852
94.720369 39.492852
94.299652 39.45748
93.733066 39.399754
93.379779 39.343118
93.159009 39.290089
92.624573 39.158053
92.920496 39.077061
93.200638 38.928318
93.785507 38.745041
94.121828 38.665949
94.392605 38.489969
94.676551 38.242957
94.871705 38.113501
95.152132 37.921519
95.458894 37.748094
95.669122 37.579413
95.950066 37.530314
96.262778 37.476038
96.585786 37.478111
96.771534 37.489333
96.951144 37.475679
97.114204 37.436152
97.290994 37.437743
97.481929 37.416503
97.835434 37.418437
98.164323 37.377236
98.444019 37.314865
98.721438 37.12411
98.914757 36.933601
99.269939 36.756567
99.660324 36.533725
99.997727 36.385368
100.155848 36.349899
100.718571 36.264778
100.974619 36.171768
101.295494 36.130487
101.678472 35.981133
102.112802 35.81006
102.592532 35.672071
102.999356 35.424994
103.26875 35.225065
103.505028 35.165958
>
66.29755 36.816792
69.930124 38.90142
70.277881 39.072392
70.663931 39.154288
70.933596 39.247852
71.178072 39.297196
71.462591 39.393802
71.682344 39.449627
72.188541 39.562582
72.607576 39.673874
72.87096 39.711688
73.281415 39.738809
73.597468 39.777055
73.869099 39.867563
74.387151 39.960671
74.788016 40.006148
75.264361 40.005395
75.705919 40.111123
76.222367 40.208671
76.681484 40.354145
77.262725 40.580463
77.726061 40.761282
78.043323 40.956129
78.501396 41.119085
78.809871 41.25751
79.176588 41.445909
79.595676 41.626521
80.152786 41.671716
80.659761 41.772086
81.13075 41.875316
81.579117 42.035994
81.917487 42.120462
82.350354 42.236309
82.65305 42.324049
83.147646 42.283288
83.359069 42.146599
83.897674 42.265251
84.498747 42.215022
84.787708 42.219965
85.330252 42.204793
85.623869 42.372562
86.109727 42.497458
86.695117 42.48547
87.312141 42.590197
87.683688 42.639149
87.823762 42.864359
88.241882 43.108649
88.893035 43.235873
89.690509 43.230177
90.118275 43.154289
90.691473 43.24868
91.106498 43.344033
91.447041 43.390325
92.036329 43.430684
92.382205 43.387467
92.603133 43.490715
91.715844 43.576945
91.101903 43.55713
90.686197 43.587642
90.259848 43.653239
89.8577 43.569881
89.462011 43.587136
89.015137 43.772361
88.704044 43.914339
88.332733 43.957819
87.989977 43.852923
87.709676 43.785285
87.430284 43.716477
87.150892 43.656269
86.859868 43.664877
86.198794 43.795946
85.500747 43.889643
84.940688 43.992683
84.533078 44.019891
84.022714 43.885824
83.667105 43.728267
83.146605 43.626855
82.248224 43.523664
81.528713 43.426103
80.920728 43.322664
80.245241 43.219229
79.705774 43.081859
79.034952 42.946003
78.473877 42.797083
77.946504 42.762481
77.728976 42.801088
77.229767 42.705336
76.548197 42.625734
76.138229 42.504396
75.511093 42.3857
75.063274 42.389504
74.483462 42.343278
73.563816 42.217978
72.936417 42.190705
72.67685 42.099351
72.544861 42.048161
72.374006 41.999236
72.185827 41.988668
71.878144 42.083567
71.447128 42.168031
71.024434 42.192151
70.490818 42.057559
69.866663 41.780408
69.324872 41.629262
68.501896 41.424235
67.617955 41.096713
65.9053 40.810653
65.142636 40.603105
64.377416 40.42282
63.265608 40.136583
63.647566 39.496221
64.369436 38.919608
64.933735 38.304179
65.14171 37.691133
65.902926 37.155246
66.29755 36.816792
>
94.121339 43.258706
93.81307 43.362231
93.559445 43.469943
93.202221 43.564779
92.523402 43.668788
92.117028 43.667084
91.824169 43.704279
91.246557 43.677446
90.919013 43.708099
90.570892 43.810701
90.211825 43.759774
89.757431 43.731747
89.52503 43.735319
89.170084 43.909537
88.890556 44.006184
88.523 44.122015
88.230016 44.154972
87.849703 44.110356
87.51011 44.0555
87.219072 44.102473
87.066984 44.156254
86.85768 44.201858
86.664424 44.220535
86.498433 44.202937
86.285395 44.235079
86.13577 44.277905
85.973361 44.270863
85.865804 44.299637
85.75285 44.322114
85.647557 44.34111
85.569072 44.378781
85.438893 44.378608
85.314532 44.362165
85.105803 44.376269
84.917954 44.399612
84.654968 44.466074
84.426873 44.447259
84.292283 44.370536
84.119941 44.37276
83.992796 44.406314
83.821223 44.448609
83.554464 44.524336
83.297631 44.572786
83.139677 44.640132
82.99505 44.652279
82.942508 44.618902
82.98289 44.517214
83.055284 44.375717
82.976004 44.244863
82.850678 44.127891
82.879117 44.035545
82.799626 43.927566
82.68905 43.869569
82.401205 43.773143
82.164342 43.686418
81.526413 43.632955
81.102997 43.612942
80.483054 43.498835
80.069592 43.446763
79.673283 43.397189
79.153767 43.376696
78.728549 43.330203
77.896851 43.257832
76.89169 43.143587
76.369231 43.052278
75.733245 42.833781
75.176728 42.736669
74.858448 42.779546
74.482278 42.797567
73.936068 42.68302
73.603574 42.735943
73.205172 42.796116
72.782425 42.808984
73.400313 42.987759
73.810528 43.112621
74.347257 43.25772
74.897224 43.379428
75.360132 43.439661
76.553847 43.947753
77.47392 44.375913
78.571191 44.747287
79.790305 45.04218
80.652057 45.231536
81.442799 45.490938
81.920362 45.923574
82.406842 46.388338
82.896448 46.845336
83.599875 47.309607
84.227406 47.731936
84.442561 48.584062
84.56571 49.085752
85.016782 48.803704
85.385209 48.602779
85.839684 48.398235
86.313166 48.257051
86.792347 48.038403
87.144705 47.901672
87.488755 47.840158
87.854957 47.653082
88.462338 47.412305
89.235269 47.10462
89.840146 46.834248
90.212965 46.32711
90.287836 46.007634
90.44288 45.724992
90.553741 45.471696
90.973527 45.094763
91.360166 44.98495
91.580111 44.739751
91.755686 44.532134
91.995507 44.334819
92.356514 44.056754
92.778685 43.929765
93.11673 43.863399
93.473432 43.714738
93.966789 43.422194
94.121339 43.258706
>
102.879095 49.370464
102.850554 49.14234
102.733137 48.833893
102.65749 48.326501
102.71341 47.814199
102.924069 47.398262
103.371487 46.78135
103.68825 46.121771
104.165715 45.184039
104.558421 44.269318
104.819114 43.598424
104.967964 43.22067
104.969061 42.961313
104.710702 43.186444
103.885252 43.721638
103.099761 44.25511
102.723961 44.48432
102.179921 44.667203
101.458843 44.860819
100.494244 45.023423
99.283362 45.124054
98.035942 45.199077
96.508502 45.211971
95.519395 45.214459
94.539242 45.010265
93.72811 44.944023
93.167167 44.96379
92.752885 44.982419
91.896933 44.980825
91.339647 44.987127
90.964901 45.100917
90.551385 45.476744
90.290314 45.99918
90.211339 46.320965
89.833064 46.834008
89.191879 47.123846
88.356748 47.447625
87.674166 47.740618
87.444396 47.858914
87.104436 47.908139
86.403014 48.22015
85.839684 48.398235
85.351612 48.608336
84.988622 48.831912
84.576219 49.077318
84.652712 49.449157
85.524238 49.790856
85.97531 49.960088
86.426382 50.101112
87.04129 50.34215
87.610382 50.524184
88.021595 50.3143
88.559879 50.108303
88.998509 49.959457
89.324996 49.915065
89.972047 49.965458
90.456038 50.098314
90.842142 50.171682
91.15502 50.249624
91.597616 50.145111
92.3254 49.891817
92.932648 49.761457
93.645168 49.675168
94.095786 49.478449
94.901857 49.370771
95.686261 49.283115
96.239507 49.284694
97.187031 49.217205
98.102566 49.204721
99.082369 49.254734
99.835977 49.295561
100.477515 49.325382
100.997308 49.35605
101.30777 49.461991
101.974697 49.414494
102.502097 49.429091
102.879095 49.370464
>
87.605319 50.524889
88.067802 50.674696
88.418993 50.781139
88.898984 50.923218
89.17873 51.004856
90.032248 51.097656
90.317266 51.153922
90.985211 51.361609
91.201956 51.462823
91.526621 51.627177
91.925223 51.736285
92.237403 51.736419
92.751741 51.722231
93.275631 51.715296
93.473609 51.716021
94.00987 51.765176
94.31995 51.793384
94.715003 51.812403
95.041775 51.83189
95.391246 51.849784
95.959886 51.880305
96.415749 51.900798
96.88539 51.9062
97.42514 51.9169
97.98842 51.944102
98.744895 51.973123
99.422606 51.934408
100.211982 51.877992
100.775822 51.793384
101.33963 51.793384
101.821839 51.671007
102.178166 51.651288
102.51474 51.62978
103.13464 51.710178
103.653515 51.630254
103.973459 51.566492
103.85246 51.395519
103.723391 51.209813
103.603252 51.020703
103.400786 50.600445
103.244619 50.287258
103.02537 49.998145
102.952969 49.60216
102.882709 49.371226
102.496752 49.428155
101.870724 49.420632
101.313707 49.465139
101.004848 49.358201
100.28931 49.31321
99.121987 49.24497
98.236003 49.202689
97.320517 49.215996
96.218178 49.295432
95.686261 49.283115
94.805462 49.373654
94.087661 49.489658
93.635929 49.683374
92.900527 49.766839
92.366312 49.88385
91.583987 50.151275
91.15502 50.249624
90.586702 50.124758
89.973286 49.971138
89.351227 49.919642
88.979841 49.9568
88.446143 50.151746
87.925457 50.359995
87.605319 50.524889
>
104.967538 42.991055
104.248388 43.518321
103.6816 43.879416
102.75013 44.502639
101.42335 44.855787
100.55235 45.014449
99.204383 45.132628
97.889969 45.217376
95.590571 45.217416
94.634253 45.032784
93.763986 44.935197
92.788811 44.987454
91.377875 44.975789
91.778381 44.511038
92.355137 44.058817
92.781905 43.931524
93.141019 43.851072
93.463945 43.715347
93.760851 43.548072
93.978088 43.416045
94.365378 42.970072
94.914706 42.661842
95.681092 42.315542
96.439436 41.882038
97.050301 41.490793
97.789862 41.062
98.411724 40.608257
99.333298 39.894832
99.580598 39.724283
99.978881 39.589798
100.289655 39.388925
100.779803 39.247228
101.301379 38.952882
101.671695 38.859103
102.196782 38.467802
102.463909 38.233171
102.58159 38.031607
102.75091 37.845936
102.960159 37.740211
103.415409 37.605498
103.924421 37.455012
104.265357 37.400083
104.694789 37.383147
105.137775 37.388773
105.380397 37.421107
105.613788 37.616947
105.775593 37.73963
105.742538 38.055376
105.664195 38.346188
105.704618 38.723078
105.763715 39.053646
105.963693 39.400311
105.863828 39.78475
105.857912 40.172187
105.802169 40.593487
105.525493 41.466675
105.300251 42.200943
105.089048 42.665094
105.01531 42.780407
104.967538 42.991055
>
98.343831 28.567506
97.817463 28.588186
97.595223 28.422738
97.443159 28.267634
97.103943 28.040146
96.916791 27.957422
96.940183 27.740274
97.045447 27.316314
97.097647 26.902694
97.045181 26.499148
96.955544 26.144971
96.856723 25.789179
96.644185 25.192121
96.285949 24.720341
96.086295 24.203845
96.004407 23.304227
95.969319 22.321885
96.004407 21.46363
96.016103 20.719118
96.168167 19.778138
96.273447 19.023286
96.437207 18.495926
96.495687 17.710058
96.390407 17.05861
96.285143 16.427842
96.285143 15.735034
96.387593 15.003562
>
99.808015 15.083619
99.653911 15.672994
99.490151 16.179674
99.572039 16.57261
99.560343 16.965546
99.513543 17.255074
99.45286 17.506553
99.572039 17.875498
99.864487 18.216738
100.005381 18.512009
99.958055 18.888862
99.724103 19.436906
99.700695 19.757458
99.782599 20.01597
99.817703 20.284822
99.981447 20.905246
99.981447 21.70146
100.039943 22.228821
99.958055 22.621758
99.677303 23.004354
99.384887 23.221503
99.162631 23.573078
98.952087 23.831589
98.811719 24.017717
98.706439 24.276228
98.624567 24.58644
98.519287 24.938016
98.460807 25.217208
98.437415 25.50674
98.554391 25.79627
98.764935 26.313294
98.870199 26.72691
98.870199 27.16121
98.835111 27.554146
98.54665 27.969338
98.460807 28.340018
98.343831 28.567506
98.261959 28.567506
98.343831 28.567506
>
98.683047 28.546826
98.928695 28.071166
99.045655 27.595506
99.209415 27.047462
99.150935 26.385674
99.162631 25.992738
99.338087 25.486058
99.525239 25.186186
99.373175 24.762228
99.408279 24.038398
99.653911 23.428312
100.075015 22.91129
100.601383 22.508013
100.856237 22.232779
100.788551 21.928948
100.472743 21.215458
100.180295 20.398566
100.051623 19.767798
100.367463 18.516606
100.320679 17.968562
100.1455 17.569467
100.215399 17.234394
100.262183 16.458866
100.203687 16.04525
100.518845 15.040575
>
109.00798 15.042338
108.964871 15.62129
108.555463 16.055586
108.087559 16.520906
107.643079 17.006906
107.069927 17.616994
106.789191 18.123674
106.449959 18.754438
106.227719 19.10601
106.379783 20.098694
106.192647 20.388226
105.689671 20.894906
104.461447 22.135758
103.513991 23.097418
102.940839 23.324908
102.379367 23.531716
101.969959 23.748866
101.466983 24.348611
100.882119 24.948356
100.344071 25.434356
100.215399 25.661846
100.06816 25.918014
99.918653 26.084863
99.943044 26.402575
100.039943 26.72691
99.911271 27.088826
99.595431 27.626526
99.314695 28.11253
98.683047 28.546826
>
123.247237 42.744743
122.851172 42.743723
122.57899 42.730256
122.306912 42.716254
122.101397 42.670077
121.799304 42.580425
121.563307 42.561911
121.297661 42.468188
121.017037 42.388106
120.829018 42.325931
120.637543 42.238075
120.418748 42.203525
120.112143 42.175187
119.8199 42.119451
119.549087 42.087317
119.281812 42.080108
119.065779 42.056141
118.782633 42.061859
118.443626 42.044802
118.123828 42.038599
117.911128 42.038296
117.576489 42.057324
117.225333 42.08922
116.909152 42.118434
116.64449 42.131592
116.416179 42.155341
116.166765 42.141227
116.007852 42.148322
115.757522 42.120701
115.556388 42.039416
115.305673 41.998212
115.108108 41.954576
114.84291 41.951485
114.68347 41.944277
114.415984 41.902058
114.134136 41.910934
113.887463 41.918224
113.623118 41.925541
113.29054 41.985176
113.010921 42.05562
112.746483 42.074022
112.51636 42.065701
112.179531 42.033183
111.878313 41.999351
111.648248 41.976793
111.453097 41.927911
111.240148 41.853361
111.063215 41.803767
110.85194 41.805292
110.570126 41.794039
110.37661 41.820308
110.182954 41.846304
109.971514 41.923151
109.759581 42.012463
109.600517 42.037691
109.38855 42.036952
109.159374 41.997433
108.93026 41.970315
108.70109 41.955595
108.524406 41.966623
108.243347 41.912226
107.787733 41.816224
107.595782 41.761889
107.353728 41.642426
107.164068 41.549188
107.077927 41.509046
107.381009 41.374611
107.644309 41.35383
107.74927 41.355589
108.066564 41.271004
108.345883 41.287411
108.608087 41.2903
108.818071 41.279477
109.153161 41.026555
109.415472 40.900242
109.676593 40.83725
109.919916 40.760992
110.128034 40.671586
110.283801 40.607516
110.682738 40.6698
111.047105 40.692905
111.39557 40.779008
111.606107 40.878733
111.920974 40.95115
112.060513 40.961832
112.28271 40.830546
112.611761 40.798973
112.924194 40.792494
113.284042 40.681987
113.560638 40.662128
113.750505 40.644161
114.065691 40.698793
114.381345 40.752689
114.699101 40.831344
114.823092 40.865273
115.029634 40.832126
115.319903 40.75702
115.611529 40.706776
115.982998 40.575644
116.252913 40.48659
116.509457 40.448761
116.690995 40.350286
117.027995 40.256223
117.449961 40.156544
117.739023 40.114454
118.062027 40.069666
118.461476 39.942437
118.775721 39.832411
119.112332 39.771265
119.33075 39.730432
119.608249 39.748987
119.83646 39.783461
120.179402 39.89851
120.384933 40.010774
120.642409 40.11863
120.826514 40.193561
121.064397 40.392169
121.251956 40.59475
121.413364 40.735199
121.724614 40.823947
122.038717 40.924655
122.312665 40.989818
122.455199 41.002395
122.680164 41.084287
123.018122 41.399695
123.295029 41.656232
123.529402 41.865142
123.717484 42.104352
123.977073 42.336208
124.205653 42.583994
124.301616 42.703298
124.067145 42.701739
123.671313 42.70307
123.479416 42.735013
123.247237 42.744743
>
119.200000000000 30.6500000000000
118.910900004383 30.5212314000005
118.669551653016 30.4113678677032
118.504715469695 30.2983319711044
118.422456281811 30.2418496340089
118.258255713021 30.1289561822512
118.094478888205 30.0161576936788
117.855620029328 29.9068520702447
117.768196468734 29.7908456057148
117.524596980026 29.6221108185339
117.362727000519 29.5097396644091
117.195692648259 29.3378443823996
117.034776091406 29.2256868954988
116.874283277954 29.1136243718084
116.559733253403 28.9493083415209
116.325906347468 28.8411304066635
116.246454459584 28.7852772003889
116.087868491441 28.6736420111462
115.785871865172 28.628872792584
115.628239319684 28.5174512705651
115.39695487416 28.4098431149712
115.022471642213 28.3691484116633
114.71859465513 28.2655910300734
114.422927695931 28.2806070877756
114.27509421661 28.2881151166125
113.972700331464 28.1848901067072
113.597449064605 28.0856565192754
113.373394740875 28.0380354367676
113.152439040772 28.0494755360427
112.855262495705 28.0057865240019
112.705601622963 27.9545182606876
112.406915492565 27.8521241784301
112.035742755951 27.7538046119008
111.88719420964 27.7027856270144
111.665629378397 27.6557224533687
111.442819800358 27.5500135620161
111.292205504962 27.381798104867
111.143577506752 27.2723945506298
111.068124697259 27.1590707967989
110.921430027782 27.1084672759891
110.774947230554 27.0579112367542
110.700235972015 26.9447536685418
110.481743280435 26.8983789781728
110.480869309662 26.8398163528032
110.480869309662 26.8398163528032
110.334465964322 26.7309113558648
110.33292989449 26.6138335876154
110.114437202365 26.4507253706669
109.969305087231 26.3421052633603
109.826715430201 26.1607597236333
109.826333510581 26.1022722199324
109.681387376638 25.9734354971826
109.536930099806 25.8445350017698
109.32102330004 25.8266945992058
109.249161304459 25.762196522002
109.034018344476 25.6271818220664
108.819135089292 25.5506705693945
108.462070798751 25.4034992059861
108.319767548573 25.3328550383702
107.964475364525 25.1854524990126
107.683153372907 24.9851983646627
107.471081046663 24.9083204192228
107.263011237493 24.7138456828695
106.912302089417 24.5658452748401
106.557957066029 24.535393828135
106.350574712711 24.399366737614
106.214550221095 24.2693661633169
106.005594358413 24.1920816671031
105.867507500833 24.1208874602674
105.732827366259 23.9907115115913
105.531723771482 23.7953280148338
105.468340391451 23.6711865544093
105.398265779159 23.6649926344531
105.191693095461 23.5873972461072
104.845582259603 23.4973343025588
104.705677464107 23.4849145763614
104.574174900766 23.3543241053747
104.434514534355 23.3418724928926
104.159761560179 23.2578360660131
103.88549744259  23.1737358664233
103.68636455305  23.0366326122114
103.537419       23.167902
>
