> 5303 INDUS-TSANGPO SUTURE ZONE, INDIA                  
  66.6890   25.1933
  66.7743   25.2339
  66.9167   25.3768
  67.0225   25.5506
  67.1251   25.7953
  67.1832   25.9867
  67.2012   26.1376
  67.1256   26.3007
  67.0886   26.4685
  67.0577   26.6846
  67.0406   26.8964
  67.0426   27.1580
  67.0323   27.4595
  67.0866   27.7272
  67.1154   27.8968
  67.2010   27.9960
  67.2654   28.1046
  67.2657   28.2883
  67.2397   28.4689
  67.2044   28.7135
  67.1971   28.9494
  67.2636   29.3715
  67.3045   29.6010
  67.3240   29.7924
  67.3152   29.9922
  67.2924   30.1017
  67.2412   30.2197
  67.2151   30.3052
  67.2199   30.3648
  67.3411   30.3730
  67.4614   30.3398
  67.5851   30.2832
  67.7411   30.1889
  67.8293   30.0927
  67.9231   29.9558
  68.0451   29.8573
  68.1784   29.7246
  68.2761   29.6527
  68.4260   29.5924
  68.6406   29.5508
  68.8503   29.5969
  69.0601   29.6427
  69.2797   29.7187
  69.5358   29.7744
  69.7196   29.8165
  69.8645   29.9547
  69.9913   30.0791
  70.1757   30.2325
  70.2638   30.2880
  70.3398   30.3895
  70.3507   30.6376
  70.3141   30.8282
  70.2725   31.0594
  70.1852   31.3271
  70.0711   31.5863
  69.9992   31.7788
  69.9459   31.9848
  69.9143   32.1810
  69.9067   32.3502
  69.9074   32.5083
  69.8929   32.6767
  69.9147   32.7782
  69.9934   32.8675
  70.1029   32.9889
  70.1744   33.0832
  70.2395   33.2295
  70.2841   33.3737
  70.3223   33.4589
  70.3472   33.5953
  70.3547   33.5902
> 5303 INDUS-TSANGPO SUTURE ZONE, INDIA                  
  70.3547   33.5902
  70.5686   33.6096
  70.7599   33.5277
  71.0821   33.5734
  71.2856   33.5618
  71.4785   33.5199
  71.6730   33.5245
  71.8079   33.5647
  71.9617   33.5597
  72.1557   33.5694
  72.3536   33.6083
  72.5291   33.6626
  72.6349   33.7172
  72.6900   33.7912
  72.7070   33.8972
  72.7200   33.9738
  72.7846   34.0251
  72.8933   34.0564
  73.0021   34.0877
  73.0866   34.1519
  73.1405   34.3126
  73.1620   34.4476
  73.1784   34.5648
  73.1773   34.6459
  73.1832   34.7274
  73.1850   34.7797
  73.1862   34.8378
  73.1938   34.9020
  73.2603   34.8720
  73.3327   34.7091
  73.4396   34.6238
  73.5203   34.5889
  73.6129   34.5025
  73.6780   34.4083
  73.7575   34.3093
  73.8653   34.2063
  73.9626   34.0619
  74.0283   33.9559
  74.0634   33.8769
  74.1294   33.7650
  74.2241   33.7189
  74.3475   33.6629
  74.5277   33.5930
  74.6577   33.5372
  74.7906   33.4465
  74.9365   33.3623
  75.0878   33.2958
  75.2200   33.2047
  75.3676   33.0910
  75.4993   32.9996
  75.6925   32.8240
  75.7717   32.6886
  75.8623   32.5828
  76.0634   32.4712
  76.2474   32.3993
  76.3861   32.3831
  76.5203   32.3316
  76.5699   32.3107
  76.6518   32.2156
  76.6945   32.0893
  76.6980   31.9318
  76.6959   31.7565
  76.7043   31.6283
  76.7358   31.4603
  76.7517   31.3207
  76.8121   31.1247
  76.8790   30.9289
  76.9449   30.7447
  76.9980   30.6535
  77.1637   30.6027
  77.3130   30.5979
  77.4700   30.5757
  77.6556   30.5253
  77.8234   30.4270
  77.9523   30.2917
  78.1036   30.1102
  78.1684   30.0307
  78.3293   29.9138
  78.5504   29.7931
  78.7033   29.6872
  78.8537   29.6280
  79.0463   29.5231
  79.2194   29.3939
  79.4174   29.3003
  79.5675   29.2286
  79.7498   29.1812
  79.8769   29.1789
  80.0105   29.1826
  80.0307   29.1773
  80.2128   29.1292
  80.3477   29.0915
  80.4698   29.0299
  80.5910   28.9975
  80.7601   28.9190
  80.9816   28.8649
  81.2142   28.8930
  81.3011   28.8828
  81.4358   28.8264
  81.5636   28.7698
  81.6988   28.6720
  81.8472   28.5742
  81.9759   28.4466
  82.0700   28.3831
  82.1173   28.3367
  82.1512   28.2959
  82.1850   28.2552
  82.3584   28.1924
  82.4779   28.1760
  82.5844   28.1358
  82.6911   28.0778
  82.8176   28.0200
  83.0297   27.9802
  83.1753   27.9692
  83.3739   27.9406
  83.4930   27.9233
  83.6255   27.8764
  83.7909   27.8119
  83.9496   27.7588
  84.1014   27.7645
  84.3127   27.7463
  84.4250   27.7812
  84.4910   27.7927
  84.5638   27.8159
  84.6562   27.8213
  84.7484   27.7736
  84.8209   27.7319
  84.9397   27.7310
  85.0321   27.7302
  85.1180   27.7354
  85.3018   27.6276
  85.6437   27.5411
  85.8408   27.4972
  86.0638   27.4348
  86.2923   27.3190
  86.4817   27.2507
  86.7034   27.1579
  86.9122   27.0945
  87.3182   27.0495
  87.5078   27.0210
  87.7765   27.0077
  88.0257   27.0004
  88.1960   26.9892
  88.3871   27.0125
  88.5656   27.0478
  88.7169   27.0544
  88.9003   27.0419
  89.0307   27.0193
  89.1206   26.9687
  89.2817   26.8976
  89.4498   26.8436
  89.6174   26.7777
  89.7607   26.7598
  89.9785   26.7916
  90.1643   26.8363
  90.3180   26.8941
  90.4243   26.9186
  90.5041   26.9383
  90.5967   26.9515
  90.7126   26.9104
  90.9145   26.8825
  91.0994   26.9024
  91.3095   26.9030
  91.5058   26.8922
  91.7289   26.8914
  91.9044   26.8635
  92.1470   26.8609
  92.3444   26.8666
  92.5764   26.8994
  92.7633   26.9406
  92.9859   27.0205
  93.1543   27.0742
  93.4066   27.1042
  93.6067   27.1375
  93.7662   27.1557
  93.9703   27.2354
  94.1537   27.3814
  94.2967   27.5893
  94.4366   27.7559
  94.5465   27.8774
  94.6403   27.9646
  94.7769   28.0838
  94.9753   28.2216
  95.1495   28.3080
  95.3543   28.3621
  95.5333   28.4239
  95.7240   28.4669
  95.9151   28.4446
  96.0702   28.3956
  96.2401   28.2979
  96.3379   28.2124
  96.3348   28.0531
  96.3336   27.9113
  96.4149   27.7975
  96.5121   27.7118
  96.6391   27.6587
  96.6903   27.6421
> 5303 INDUS-TSANGPO SUTURE ZONE, INDIA                  
  96.6903   27.6421
  96.4057   27.5795
  96.2299   27.5421
  95.9923   27.4804
  95.7526   27.3947
  95.6208   27.3292
  95.4303   27.1974
  95.2531   27.0643
  95.1177   26.9512
  94.9512   26.7813
  94.7586   26.6074
  94.6447   26.5040
  94.5484   26.3754
  94.4305   26.2189
  94.3037   26.1103
  94.1549   25.9677
  93.9598   25.8935
  93.7982   25.8284
  93.5902   25.7488
  93.3728   25.6280
  93.1972   25.5396
  93.0223   25.4568
  92.8460   25.3501
  92.7671   25.2429
  92.7000   25.1171
  92.6247   24.9621
  92.5820   24.8110
  92.5892   24.6329
  92.5230   24.4181
  92.4715   24.2259
  92.4441   24.0085
  92.4320   23.7309
  92.4327   23.4524
  92.4488   23.2144
  92.4882   22.9453
  92.5301   22.6225
  92.5597   22.3066
  92.5915   22.0260
  92.6133   21.7875
  92.6677   21.5646
  92.7647   21.3270
  92.8264   21.1273
  92.8580   20.8585
  92.8920   20.6252
  92.8977   20.4352
  92.8931   20.2756
> 5305 NORTHERN ARABIA PLATE BOUNDARY                    
  42.7415   38.0971
  42.6329   37.9308
  42.3105   38.0636
  42.0898   38.1492
  41.6729   38.2233
  41.2828   38.3498
  41.0395   38.4779
  40.7704   38.6105
  40.5683   38.6495
  40.2828   38.6956
  39.9787   38.5384
  39.6615   38.4315
  39.5053   38.2901
  39.2344   38.2180
  39.0038   38.1549
  38.7426   38.0760
  38.5500   38.0413
  38.3485   38.0120
  38.0682   38.0216
  37.7669   38.0028
  37.5027   37.9539
  37.2452   37.8593
  37.1179   37.0210
> 5305 MAIN ZAGROS REVERSE FAULT, IRAN                   
  42.7415   38.0971
  42.7974   38.0544
  42.8813   37.9891
  42.9374   37.9410
  43.0124   37.9069
  43.1004   37.8758
  43.1813   37.8496
  43.3450   37.8210
  43.5005   37.8156
  43.6259   37.8170
  43.7463   37.7891
  43.8337   37.7602
  43.9009   37.7385
  43.9885   37.7042
  44.0633   37.6590
  44.1587   37.5985
  44.2580   37.5222
  44.3380   37.4322
  44.3729   37.3910
  44.4110   37.3499
  44.4263   37.3055
  44.4213   37.2711
  44.4002   37.2337
  44.3565   37.1877
  44.3314   37.1660
  44.3224   37.1499
  44.3473   37.1085
  44.3786   37.0698
  44.4370   37.0107
  44.4745   36.9801
  44.5210   36.9629
  44.5770   36.9538
  44.6557   36.9452
  44.6991   36.9252
  44.7501   36.8790
  44.8018   36.8144
  44.8536   36.7471
  44.9084   36.6852
  44.9631   36.6206
  45.0179   36.5533
  45.0901   36.4548
  45.1216   36.3975
  45.1922   36.3331
  45.2496   36.2711
  45.3106   36.2012
  45.3582   36.1363
  45.4024   36.0765
  45.4397   36.0272
  45.4790   36.0122
  45.5211   36.0103
  45.5792   36.0114
  45.6408   36.0020
  45.7036   35.9584
  45.7532   35.9197
  45.8128   35.8733
  45.8855   35.8139
  45.9616   35.7440
  46.0540   35.6664
  46.1164   35.6173
  46.1793   35.5497
  46.2417   35.4952
  46.3140   35.4304
  46.3759   35.3916
  46.4248   35.3554
  46.4769   35.3192
  46.5484   35.2726
  46.5652   35.2385
  46.5922   35.1756
  46.6318   35.1181
  46.6808   35.0659
  46.7294   35.0296
  46.7647   35.0247
  46.8326   34.9779
  46.9258   34.9367
  46.9802   34.9240
  47.0412   34.8982
  47.0989   34.8802
  47.1661   34.8623
  47.1979   34.8652
  47.2423   34.8761
  47.2740   34.8868
  47.3440   34.8926
  47.4238   34.8799
  47.4782   34.8617
  47.5519   34.8200
  47.6319   34.7755
  47.6960   34.7283
  47.7823   34.6760
  47.8398   34.6287
  47.9006   34.5762
  47.9707   34.5210
  48.0153   34.4868
  48.0631   34.4579
  48.1456   34.4158
  48.2059   34.3869
  48.2916   34.3421
  48.3771   34.2999
  48.4436   34.2418
  48.5163   34.1864
  48.6047   34.1203
  48.6741   34.0647
  48.7496   33.9854
  48.8125   33.9272
  48.8689   33.8611
  48.9379   33.8002
  49.0006   33.7551
  49.0914   33.6939
  49.1977   33.6327
  49.2914   33.5714
  49.3538   33.5340
  49.4286   33.4886
  49.5219   33.4245
  49.6025   33.3553
  49.6923   33.2806
  49.8033   33.1714
  49.8651   33.1233
  49.9422   33.0643
  50.0129   33.0002
  50.0926   32.9228
  50.1442   32.8510
  50.2020   32.7790
  50.2780   32.6910
  50.3480   32.6162
  50.3934   32.5602
  50.4576   32.5144
  50.5430   32.4524
  50.6038   32.4040
  50.6433   32.3691
  50.6945   32.3129
  50.7373   32.2910
  50.7740   32.2719
  50.8133   32.2369
  50.9101   32.1587
  50.9706   32.1101
  51.0411   32.0929
  51.1199   32.0439
  51.1983   31.9817
  51.2734   31.9194
  51.3574   31.8464
  51.4388   31.7919
  51.5325   31.7449
  51.6495   31.6578
  51.7478   31.5737
  51.8719   31.4414
  51.9854   31.3647
  52.0871   31.3039
  52.1636   31.2280
  52.2414   31.1863
  52.3221   31.1417
  52.3748   31.0875
  52.4392   31.0224
  52.4919   30.9733
  52.5327   30.9299
  52.5916   30.8833
  52.6875   30.8486
  52.7801   30.8113
  52.8659   30.7584
  52.9582   30.7184
  53.0688   30.6803
  53.1763   30.6422
  53.2770   30.5911
  53.3776   30.5425
  53.4691   30.4943
  53.5484   30.4464
  53.6037   30.4048
  53.6554   30.3527
  53.7278   30.2945
  53.7949   30.2497
  53.8710   30.2070
  53.9441   30.1645
  54.0075   30.1118
  54.0622   30.0147
  54.1054   29.9313
  54.1346   29.8643
  54.1627   29.7815
  54.2174   29.6923
  54.2555   29.6275
  54.2880   29.5682
  54.3382   29.4582
  54.3689   29.4226
  54.4045   29.3684
  54.4425   29.3062
  54.4609   29.2659
  54.4848   29.2175
  54.5101   29.1927
  54.5699   29.1452
  54.6011   29.0728
  54.7642   28.9650
  54.9290   28.8438
  55.0112   28.7819
  55.0749   28.7129
  55.1063   28.6509
  55.1700   28.5846
  55.2436   28.5334
  55.3392   28.4994
  55.4457   28.4936
  55.5351   28.4572
  55.6206   28.4104
  55.6927   28.3827
  55.7818   28.3461
  55.8660   28.3229
  55.9544   28.3151
  56.0172   28.3219
  56.0623   28.3297
  56.1164   28.3396
  56.2098   28.3209
  56.2924   28.2791
  56.3704   28.2191
  56.4403   28.1701
  56.5170   28.1312
  56.6180   28.1011
  56.7069   28.0692
  56.7701   28.0467
  56.8277   28.0298
  56.8800   28.0185
  56.9001   28.0119
> 5305 MINAB FAULT, SOUTHWEST IRAN                       
  56.8971   28.0121
  56.8860   27.9866
  56.8750   27.8613
  56.8612   27.7389
  56.8563   27.6159
  56.8733   27.5414
  56.9413   27.4792
  57.0235   27.3793
  57.1071   27.2635
  57.1690   27.1701
  57.2260   27.0561
  57.2509   26.9443
  57.2371   26.8248
  57.2815   26.7039
  57.2933   26.6428
  57.3200   26.5834
  57.3128   26.5368
  57.2895   26.4416
  57.2992   26.3258
  57.2926   26.2216
  57.2877   26.1356
  57.2878   26.0729
  57.2811   26.0315
> 5305 MINAB FAULT, SOUTHWEST IRAN                       
  57.3081   25.8519
  57.3305   25.6544
> 5305 MINAB FAULT, SOUTHWEST IRAN                       
  57.3442   25.5516
  57.3858   25.3450
> 5305 MINAB FAULT, SOUTHWEST IRAN                       
  57.4238   25.1649
  57.4508   25.0222
> 5305 MINAB FAULT, SOUTHWEST IRAN                       
  57.4870   24.8866
  57.5157   24.7334
> 5305 MINAB FAULT, SOUTHWEST IRAN                       
  57.5326   24.6383
  57.5528   24.5483
> 2036 THRUST FAULT, WINDWARD PASSAGE, CUBA-HAITI        
 -74.4990   19.9397
 -74.4889   19.9400
 -74.4844   19.9391
 -74.4796   19.9392
 -74.4729   19.9392
 -74.4660   19.9392
 -74.4583   19.9392
 -74.4498   19.9394
 -74.4392   19.9394
 -74.4330   19.9397
 -74.4239   19.9398
 -74.4133   19.9398
 -74.4041   19.9401
 -74.3935   19.9403
 -74.3820   19.9413
 -74.3715   19.9425
 -74.3607   19.9431
 -74.3533   19.9435
 -74.3430   19.9435
 -74.3348   19.9436
 -74.3261   19.9437
 -74.3185   19.9440
 -74.3083   19.9447
 -74.2985   19.9454
 -74.2902   19.9465
 -74.2781   19.9480
 -74.2690   19.9489
 -74.2587   19.9492
 -74.2513   19.9500
 -74.2434   19.9505
 -74.2341   19.9511
 -74.2236   19.9518
 -74.2156   19.9522
 -74.2091   19.9528
 -74.2001   19.9535
 -74.1923   19.9543
 -74.1838   19.9552
 -74.1745   19.9561
 -74.1647   19.9575
 -74.1556   19.9585
 -74.1469   19.9594
 -74.1407   19.9599
 -74.1313   19.9602
 -74.1226   19.9606
 -74.1148   19.9610
 -74.1044   19.9623
 -74.0938   19.9639
 -74.0848   19.9652
 -74.0741   19.9663
 -74.0643   19.9678
 -74.0527   19.9688
 -74.0428   19.9699
 -74.0315   19.9707
 -74.0202   19.9714
 -74.0088   19.9720
 -73.9978   19.9731
 -73.9891   19.9743
 -73.9730   19.9765
 -73.9639   19.9779
 -73.9519   19.9794
 -73.9425   19.9810
 -73.9336   19.9818
 -73.9227   19.9826
 -73.9114   19.9835
 -73.8955   19.9854
 -73.8887   19.9862
 -73.8777   19.9869
 -73.8663   19.9885
 -73.8546   19.9892
 -73.8443   19.9900
 -73.8330   19.9915
 -73.8239   19.9926
 -73.8158   19.9940
 -73.8070   19.9951
 -73.7974   19.9958
 -73.7905   19.9961
 -73.7824   19.9965
 -73.7726   19.9971
 -73.7627   19.9983
 -73.7522   19.9982
 -73.7404   19.9978
 -73.7296   19.9981
 -73.7192   19.9987
 -73.7099   19.9993
 -73.6989   20.0000
 -73.6891   20.0012
 -73.6781   20.0029
 -73.6674   20.0041
 -73.6561   20.0051
 -73.6425   20.0063
 -73.6286   20.0079
 -73.6174   20.0088
 -73.6096   20.0098
 -73.5978   20.0107
 -73.5865   20.0111
 -73.5712   20.0108
 -73.5595   20.0107
 -73.5460   20.0108
 -73.5346   20.0115
 -73.5239   20.0119
 -73.5123   20.0123
 -73.5022   20.0124
 -73.4909   20.0128
 -73.4793   20.0129
 -73.4682   20.0130
 -73.4575   20.0131
 -73.4458   20.0131
 -73.4320   20.0132
 -73.4199   20.0133
 -73.4089   20.0132
 -73.3975   20.0137
 -73.3873   20.0138
 -73.3782   20.0142
 -73.3708   20.0149
 -73.3619   20.0155
 -73.3494   20.0166
 -73.3387   20.0171
 -73.3266   20.0179
 -73.3182   20.0183
 -73.3073   20.0189
 -73.2952   20.0192
 -73.2823   20.0197
 -73.2699   20.0207
 -73.2584   20.0217
 -73.2469   20.0217
 -73.2357   20.0220
 -73.2237   20.0220
 -73.2101   20.0219
 -73.1991   20.0211
 -73.1864   20.0198
 -73.1757   20.0189
 -73.1615   20.0176
 -73.1493   20.0162
 -73.1396   20.0150
 -73.1279   20.0138
 -73.1174   20.0130
 -73.1065   20.0117
 -73.0990   20.0110
 -73.0881   20.0105
 -73.0738   20.0092
 -73.0632   20.0082
 -73.0525   20.0068
 -73.0405   20.0056
 -73.0303   20.0047
 -73.0153   20.0037
 -73.0062   20.0035
 -72.9975   20.0032
 -72.9879   20.0022
 -72.9770   20.0022
 -72.9625   20.0017
 -72.9508   20.0006
 -72.9385   19.9991
 -72.9253   19.9981
 -72.9172   19.9973
 -72.9032   19.9977
 -72.8892   19.9971
 -72.8760   19.9959
 -72.8627   19.9947
 -72.8492   19.9939
 -72.8379   19.9928
 -72.8267   19.9916
 -72.8149   19.9908
 -72.8045   19.9903
 -72.7957   19.9905
 -72.7885   19.9897
 -72.7812   19.9886
 -72.7749   19.9878
 -72.7686   19.9874
 -72.7607   19.9866
 -71.7939   19.7220
> 5305 MAKRAN TRENCH, NORTHERN INDIAN OCEAN              
  57.5344   24.7203
  57.8462   24.6405
  58.5545   24.5779
  59.0329   24.5249
  59.5296   24.4298
  59.9725   24.3883
  60.4273   24.3183
  60.8482   24.2751
  61.4827   24.2857
  61.9348   24.3408
  62.5063   24.3579
  62.9464   24.4235
  63.4129   24.4590
  63.8811   24.5056
  64.2840   24.5442
  64.7324   24.5963
  65.0794   24.6447
  65.5864   24.7465
  65.8382   24.8362
  66.0984   24.9310
  66.4602   25.1772
> 6103 MELLIN FAULT, TAIWAN                              
 120.3729   23.2490
 120.3676   23.2416
 120.3645   23.2356
 120.3634   23.2295
 120.3623   23.2197
 120.3613   23.2105
 120.3605   23.2048
 120.3592   23.1975
 120.3594   23.1917
 120.3597   23.1846
 120.3618   23.1766
 120.3647   23.1671
 120.3668   23.1558
 120.3687   23.1471
 120.3695   23.1341
 120.3706   23.1227
 120.3743   23.1024
 120.3764   23.0819
 120.3756   23.0614
 120.3753   23.0482
 120.3759   23.0341
 120.3745   23.0172
 120.3729   23.0040
 120.3719   22.9889
 120.3687   22.9682
 120.3650   22.9535
 120.3599   22.9384
 120.3576   22.9266
 120.3517   22.9081
 120.3475   22.8932
 120.3438   22.8807
 120.3422   22.8709
 120.3403   22.8575
 120.3366   22.8443
 120.3310   22.8291
 120.3273   22.8147
 120.3241   22.8013
 120.3220   22.7915
 120.3172   22.7763
 120.3114   22.7646
 120.3048   22.7550
 120.2966   22.7445
 120.2886   22.7345
 120.2790   22.7227
 120.2729   22.7154
> 6103 DEFORMATION FRONT, SW OF TAIWAN                   
 120.2729   22.7154
 120.2645   22.7071
 120.2544   22.6997
 120.2427   22.6919
 120.2297   22.6848
 120.2141   22.6777
 120.2000   22.6699
 120.1846   22.6606
 120.1613   22.6481
 120.1438   22.6385
 120.1263   22.6283
 120.1061   22.6160
 120.0809   22.6008
 120.0597   22.5896
 120.0395   22.5807
 120.0180   22.5670
 119.9881   22.5474
 119.9645   22.5340
 119.9470   22.5202
 119.9247   22.5048
 119.8997   22.4906
 119.8780   22.4781
 119.8573   22.4644
 119.8353   22.4489
 119.8141   22.4340
 119.7984   22.4227
 119.7843   22.4119
 119.7682   22.3999
 119.7560   22.3893
 119.7435   22.3768
 119.7321   22.3648
 119.7157   22.3518
 119.7003   22.3378
 119.6915   22.3310
 119.6822   22.3204
 119.6706   22.3032
 119.6597   22.2865
 119.6523   22.2716
 119.6467   22.2583
 119.6379   22.2438
 119.6294   22.2271
 119.6223   22.2112
 119.6159   22.1952
 119.6093   22.1746
 119.6050   22.1532
 119.6019   22.1377
 119.5989   22.1191
 119.5944   22.0987
 119.5912   22.0807
 119.5873   22.0620
 119.5841   22.0461
 119.5830   22.0254
 119.5838   22.0043
 119.5854   21.9915
 119.5846   21.9831
 119.5854   21.9683
 119.5830   21.9553
 119.5833   21.9327
> 6621 PHILIPPINE TRENCH                                 
 124.2882   14.9748
 124.4095   14.8901
 124.5454   14.7036
 124.8054   14.3897
 124.9603   14.1419
 125.0860   13.9222
 125.2072   13.6611
 125.3373   13.4509
 125.5550   13.0641
 125.6762   12.8647
 125.8486   12.6325
 126.0561   12.3286
 126.2533   11.9915
 126.3892   11.7098
 126.5543   11.3491
 126.6522   11.0581
 126.7282   10.6822
 126.7779   10.2914
 126.8451    9.7548
 126.9181    9.4739
 126.9766    9.1624
 127.0511    8.8738
 127.1198    8.6428
 127.2410    8.3639
 127.2425    8.0299
 127.2761    7.7896
 127.2790    7.5029
 127.3082    7.1247
 127.3564    6.7084
 127.3769    6.4907
 127.4266    6.1799
 127.4982    5.8879
 127.6092    5.5186
 127.7261    5.2757
> 9821 PALAU TRENCH                                      
 133.2987    5.3497
 133.3307    5.6173
 133.5882    5.9088
 133.9246    6.2160
 134.2278    6.4492
 134.4727    6.6015
 134.6993    6.8731
 134.8435    7.0514
 134.9682    7.2660
 135.0197    7.4396
> 9822 YAP TRENCH                                        
 135.0014    7.4487
 135.2073    7.3557
 135.4625    7.2467
 135.7417    7.2047
 136.1159    7.2126
 136.5233    7.2308
 136.9009    7.3159
 137.3059    7.5043
 137.5760    7.7141
 137.7808    7.9510
 138.0039    8.3282
 138.1344    8.5999
 138.2614    8.9527
 138.4090    9.2871
 138.5532    9.5987
 138.6871    9.9313
 138.7489   10.2468
 138.7443   10.4381
 138.7008   10.5720
 138.7820   10.6980
 138.8667   10.9351
 138.8392   11.0587
> 9822 YAP TRENCH                                        
 135.0014    7.4487
 135.2073    7.3557
 135.4625    7.2467
 135.7417    7.2047
 136.1159    7.2126
 136.5233    7.2308
 136.9009    7.3159
 137.3059    7.5043
 137.5760    7.7141
 137.7808    7.9510
 138.0039    8.3282
 138.1344    8.5999
 138.2614    8.9527
 138.4090    9.2871
 138.5532    9.5987
 138.6871    9.9313
 138.7489   10.2468
 138.7443   10.4381
 138.7008   10.5720
 138.7820   10.6980
 138.8667   10.9351
 138.8392   11.0587
> 9824 JAPAN TRENCH                                      
 144.6409   41.0086
 144.6277   40.9400
 144.6117   40.8358
 144.6117   40.7204
 144.4803   40.5503
 144.3985   40.3674
 144.3285   40.2042
 144.2818   40.0686
 144.2540   39.9282
 144.2263   39.7673
 144.2380   39.5575
 144.2044   39.3741
 144.1869   39.1233
 144.1197   38.9092
 144.0628   38.7093
 144.0161   38.5352
 143.9737   38.3595
 143.9299   38.1662
 143.8891   37.9295
 143.8438   37.7106
 143.7445   37.4783
 143.6350   37.2884
 143.5182   37.0583
 143.4073   36.8615
 143.2774   36.6477
 143.1533   36.5193
 143.0175   36.3400
 142.9810   36.2112
 142.8161   36.1354
 142.6803   36.0643
 142.6044   36.0003
 142.5547   35.9433
 141.9918   34.3098
> 6722 WEST EXTENSION OF THE FLORES THRUST ZONE          
 119.0892   -7.7992
 118.8603   -7.8309
 118.5937   -7.8547
 118.3259   -7.8751
 118.1827   -7.9137
 117.9419   -7.9296
 117.6002   -7.9330
 117.3617   -7.9546
 117.0189   -7.9909
 116.7277   -8.0125
 116.5190   -8.0125
> 6722 THRUST IN FLORES BASIN (ACTIVE)                   
 119.0892   -7.7992
 119.4141   -7.7708
 119.6670   -7.7618
 119.9359   -7.7572
 120.2678   -7.7039
 120.5584   -7.7028
 120.8353   -7.7266
 120.9532   -7.7606
 121.1317   -7.8513
 121.2713   -7.9284
 121.4429   -8.0089
 121.5619   -8.0360
> 6722 THRUST N OF ALOR (ACTIVE)                         
 124.3505   -7.8978
 124.4958   -7.8570
 124.6091   -7.8695
 124.7567   -7.9239
 124.9146   -7.9341
 125.0817   -7.9307
 125.2648   -7.8831
 125.3723   -7.8434
 125.4788   -7.7606
> 6721 NEGROS TRENCH                                     
 122.6986    8.6052
 122.5408    8.6688
 122.4020    8.8060
 122.2471    8.9431
 122.1142    9.1379
 122.0236    9.3571
 121.9374    9.6107
 121.8979    9.8383
 121.8906   10.0009
 121.9315   10.1290
 121.9622   10.2512
> 6722 N SULAWESI TRENCH (ACTIVE)                        
 119.2700    1.7642
 119.4416    1.9071
 119.7219    2.0489
 119.9577    2.1324
 120.3055    2.2102
 120.6236    2.2433
 121.0699    2.2296
 121.4498    2.1701
 121.9338    2.0901
 122.3824    1.9266
 122.7451    1.7848
 123.1696    1.6406
 123.5449    1.5331
 123.8219    1.5125
 124.1079    1.5674
 124.4054    1.6784
> 6722 TRENCH WEST OF TALAUD RIDGE (SANGIHE TRENCH)      
 126.0203    4.9087
 126.0410    4.7624
> 6722 TRENCH WEST OF TALAUD RIDGE (SANGIHE TRENCH)      
 126.0524    4.6961
 126.0662    4.5737
> 6722 TRENCH WEST OF TALAUD RIDGE (SANGIHE TRENCH)      
 126.0731    4.5096
 126.0869    4.3918
> 6722 TRENCH WEST OF TALAUD RIDGE (SANGIHE TRENCH)      
 126.1006    4.3289
 126.1190    4.1881
> 6722 TRENCH WEST OF TALAUD RIDGE (SANGIHE TRENCH)      
 126.1339    4.1206
 126.1018    3.9959
> 6722 TRENCH WEST OF TALAUD RIDGE (SANGIHE TRENCH)      
 126.0719    3.9306
 126.0524    3.8116
> 6722 TRENCH WEST OF TALAUD RIDGE (SANGIHE TRENCH)      
 126.0490    3.7372
 126.0215    3.5001
 126.0054    3.2539
 125.9652    2.9972
 125.8780    2.7302
 125.8115    2.4895
 125.7576    2.2626
 125.7231    1.9805
 125.6887    1.7534
 125.6727    1.6066
 125.6268    1.4449
 125.4971    1.2178
 125.3640    1.0205
 125.2493    0.8369
 125.1104    0.6660
 124.9498    0.4365
 124.8351    0.2001
 124.7811   -0.0064
 124.7720   -0.1268
 124.8121   -0.3001
 124.9211   -0.5353
 125.0313   -0.7407
 125.1529   -0.9506
 125.2447   -1.0917
 125.2975   -1.1778
> 9821 RYUKU TRENCH                                      
 123.0703   22.9239
 124.2993   23.0181
 125.3339   23.2291
 126.4051   23.7036
 127.2132   24.3256
 127.9804   24.9751
 128.9785   25.7910
 129.7764   26.6850
 130.2440   27.2645
 130.5100   27.7337
> 9821 NANKAI TROUGH                                     
 130.5056   27.7428
 130.8841   28.6084
 131.3342   29.5052
 131.4789   29.7897
 132.0371   30.3915
 132.5880   30.9245
 133.5160   31.6426
 134.5652   32.2527
 135.2053   32.5414
 136.2195   32.8526
 136.5746   32.9985
 137.3535   33.2836
 137.8387   33.6080
 138.1704   33.8802
> 8021 JAVA TRENCH (ACTIVE SUBDUCTION) (N. OF ANDAMAN RID
  92.8931   20.2756
  93.4627   17.9797
  93.4057   17.4675
  93.3926   17.2025
  93.3531   16.8351
  93.3049   16.5790
  93.2436   16.2693
  93.1281   15.8692
  92.9937   15.4964
  92.8315   15.1244
> 8021 JAVA TRENCH (ACTIVE SUBDUCTION) (N. PART FROM SUMA
  92.8315   15.1244
  92.7278   14.9480
  92.5583   14.6019
  92.4005   14.2963
  92.2515   13.9959
  92.1331   13.7846
  92.0411   13.4964
  91.9301   13.2376
  91.8555   12.9103
  91.8059   12.6439
  91.7547   12.4570
  91.7167   12.2644
  91.6715   12.0773
  91.6174   11.7427
  91.5969   11.5252
  91.5882   11.3347
  91.5750   11.1370
  91.5575   10.9735
  91.5195   10.7439
  91.4830   10.4093
  91.4698   10.1462
  91.4815    9.8887
  91.4844    9.7101
  91.4786    9.4177
  91.5151    9.1812
  91.5560    8.9042
  91.6992    8.4463
  91.7810    8.2309
  91.8965    8.0024
  91.9885    7.7723
  92.0499    7.6058
  92.1390    7.4058
  92.2091    7.2160
  92.2573    7.0841
  92.2866    6.9579
  92.3392    6.8245
  92.3961    6.6736
  92.4707    6.4849
  92.5247    6.3252
  92.5802    6.1378
  92.6401    5.9635
  92.6737    5.8327
  92.7658    5.5724
  92.8023    5.4517
  92.8403    5.3150
  92.9353    5.0807
> 8021 JAVA TRENCH (ACTIVE SUBDUCTION) (C. PART FROM SUMA
  92.9353    5.0807
  93.0726    4.7168
  93.1457    4.5712
  93.2260    4.4197
  93.3064    4.3250
  93.3721    4.2070
  93.4569    4.0860
  93.5051    4.0102
  93.6322    3.8513
  93.7111    3.7274
  93.7725    3.6050
  93.8879    3.4533
  94.0048    3.2929
  94.1260    3.1572
  94.2751    2.9734
  94.4679    2.7822
  94.5658    2.6611
  94.7543    2.5326
  94.8946    2.4027
  95.0290    2.2874
  95.1634    2.1706
  95.1488    2.1823
  95.3723    1.9823
  95.5214    1.8421
  95.6879    1.6508
  95.8326    1.4989
  95.9757    1.3221
  96.0868    1.1673
  96.2241    0.9745
  96.3425    0.7918
  96.4506    0.6297
  96.5383    0.5099
  96.6040    0.3726
  96.6683    0.2893
  96.7472    0.1169
  96.8290    0.0131
  96.9167   -0.1242
  96.9970   -0.2776
  97.0642   -0.3945
  97.1402   -0.5318
  97.2439   -0.7057
  97.3857   -0.9175
  97.5186   -1.1659
  97.6501   -1.3616
  97.7495   -1.5296
  97.8620   -1.6844
  98.0125   -1.9224
  98.1951   -2.2057
  98.4464   -2.5721
  98.6115   -2.7822
  98.7795   -3.0055
  98.9446   -3.1645
  99.1594   -3.4723
  99.3888   -3.7610
  99.5553   -4.0030
  99.7584   -4.2172
  99.9659   -4.4838
 100.1485   -4.7634
 100.3575   -5.0284
 100.5737   -5.2292
 100.7695   -5.4823
 101.0149   -5.7789
 101.2341   -6.0492
 101.4562   -6.3150
 101.6081   -6.5052
 101.7718   -6.7084
 102.0494   -6.9550
 102.3343   -7.1581
 102.5184   -7.2726
 102.7814   -7.4624
 103.1656   -7.7100
 103.4798   -7.8345
 103.5397   -7.8649
 104.0759   -8.1181
 104.4572   -8.2743
 104.9803   -8.5663
 105.5895   -8.9244
 106.1228   -9.2418
 106.6283   -9.5272
 106.3420   -9.3687
 106.8300   -9.6626
 107.3823   -9.8901
 107.8381  -10.0542
 108.3626  -10.1750
 109.0683  -10.3303
 109.6250  -10.3719
 110.1597  -10.4395
 110.6141  -10.4783
> 8021 JAVA TRENCH (ACTIVE SUBDUCTION) (C. PART FROM SUMA
 110.6141  -10.4783
 111.0145  -10.4768
 111.5258  -10.5745
 112.1702  -10.6535
 112.5661  -10.7598
 113.2017  -10.8688
 113.7540  -10.9606
 114.4071  -11.0897
 115.0134  -11.1499
 115.5715  -11.2159
 116.1764  -11.2775
 116.8558  -11.3290
 117.5776  -11.3348
 118.2350  -11.3849
 118.7479  -11.3606
 119.2724  -11.3906
 119.8393  -11.4608
> 8021 JAVA TRENCH (ACTIVE SUBDUCTION)                   
 119.8393  -11.4608
 120.4529  -11.5267
 121.1119  -11.4938
 121.7825  -11.4121
 122.6299  -11.1872
 123.2202  -10.9965
 123.9609  -10.7109
 124.7353  -10.3878
 125.1575  -10.1606
 125.4834   -9.9866
 125.8691   -9.7850
 126.3322   -9.5978
 126.8553   -9.3889
 127.4280   -9.2216
 127.9000   -9.1336
 128.3763   -9.0961
 129.1083   -9.0196
 129.8607   -8.9287
 130.5401   -8.7237
 130.9302   -8.5634
 131.4124   -8.2671
 131.7572   -7.9199
 131.9982   -7.6058
 132.3065   -7.2842
 132.6440   -6.8506
 132.8325   -6.6214
 133.0634   -6.3615
 133.4052   -5.9984
 133.6200   -5.7077
 133.7866   -5.4328
 133.9210   -5.1535
 134.0320   -4.8318
 134.0934   -4.5697
 134.1285   -4.3731
 134.1781   -4.0569
> 9688 COTABATO TRENCH                                   
 123.5475    6.6388
 123.5314    6.4573
 123.5694    6.2903
 123.6892    6.1422
 123.8236    5.9722
 123.9712    5.8210
 124.1479    5.6640
 124.3613    5.5259
 124.5629    5.4095
 124.7397    5.3150
 124.8697    5.2699
 124.9121    5.2364
 124.9545    5.0851
 124.9866    4.8988
 125.0100    4.7314
 125.0158    4.5581
 125.0567    4.2857
> 6621 PHILIPPINE TRENCH                                 
 127.7261    5.2757
 128.0373    4.7983
 128.2506    4.5377
 128.4186    4.2434
 128.5560    3.9986
 128.7167    3.7318
 128.8643    3.4912
 128.9884    3.2010
 129.2135    2.7735
 129.2953    2.5239
 129.3581    2.1896
 129.3829    2.0100
 129.3888    1.8070
 129.3932    1.6376
 129.3829    1.5354
> 6621 PHILIPPINE TRENCH (LUZON SECTION)                 
 122.6942   18.1491
 122.7176   18.0394
 122.7483   17.8851
 122.7643   17.7266
 122.7877   17.5609
 122.7921   17.4062
 122.7877   17.2598
 122.7716   17.1020
 122.7585   16.9959
 122.7322   16.9022
> 6622 PHILIPPINE TRENCH (LUZON SECTION ACTIVE)          
 122.7234   16.9078
 122.6810   16.7638
 122.6197   16.5832
 122.5612   16.4586
 122.4692   16.2651
 122.3903   16.1037
 122.3129   15.9717
 122.2194   15.8158
 122.1565   15.6864
 122.0747   15.5555
 121.9768   15.4218
 121.9052   15.2907
 121.8555   15.2245
 121.8234   15.1794
> 6621 STRIKE-SLIP FAULT BETWEEN LUZON & CENTRAL PHILIPPI
 124.2882   14.9748
 121.8234   15.1794
> 6622 TRENCH E OF TALAUD RIDGE (ACTIVE)                 
 127.1586   -1.1396
 126.9755   -0.9863
 126.7409   -0.7460
 126.6276   -0.5012
 126.6757   -0.1568
 126.7317    0.1442
 126.7992    0.5721
 126.8862    0.8787
 127.0006    1.2437
 127.1551    1.6681
 127.3794    2.0432
 127.5304    2.3657
 127.6323    2.7612
 127.6323    3.0869
 127.5762    3.4102
 127.4641    3.9492
 127.3988    4.2938
 127.3943    4.5722
 127.4309    4.9132
 127.4870    5.1958
 127.5499    5.4214
 127.6082    5.6048
> 6722 SERAM TROUGH                                      
 129.0558   -2.4537
 128.8383   -2.4137
 128.6266   -2.3748
 128.4138   -2.2845
 128.2765   -2.3520
 128.0316   -2.4503
 127.8016   -2.5063
 127.4927   -2.5314
 127.1906   -2.5223
 126.9606   -2.5577
 126.7260   -2.5760
 126.5258   -2.5623
 126.3919   -2.6320
 126.2248   -2.7303
 126.0372   -2.8492
 125.9307   -2.9121
 125.9342   -2.9155
> 6722 SERAM TROUGH (ACTIVE)                             
 133.6809   -5.4442
 133.5974   -5.1936
 133.5070   -5.0409
 133.3044   -4.8790
 133.1888   -4.7581
 133.1465   -4.5871
 133.0493   -4.3886
 132.9932   -4.2825
 132.8822   -4.2003
 132.7048   -4.1193
 132.5629   -4.0188
 132.3535   -3.7802
 132.1682   -3.5861
 131.9530   -3.4330
 131.6304   -3.1977
 131.3283   -2.9921
 131.0182   -2.8492
 130.7573   -2.7235
 130.4815   -2.6298
 130.2286   -2.5978
 129.9391   -2.5658
 129.6050   -2.5223
 129.3304   -2.4697
 129.0809   -2.4389
> 6722 WETAR THRUST                                      
 125.4788   -7.7606
 125.5207   -7.7274
 125.5930   -7.6115
 125.6698   -7.5308
 125.7237   -7.4524
 125.7982   -7.4274
 125.9518   -7.3978
 126.1720   -7.3682
 126.3187   -7.3455
 126.5205   -7.3375
 126.7028   -7.3500
 126.8725   -7.3796
 126.9895   -7.3955
 127.1397   -7.4171
> 6621 TRENCH WEST OF LUZON (MANILA TRENCH) NORTHERN PORT
 120.1000   19.8179
 120.0278   19.6062
 119.9094   19.3969
 119.7516   19.1445
 119.5529   18.8544
 119.4053   18.6607
 119.2519   18.3906
 119.1175   18.1949
 119.0211   17.9533
 118.9510   17.6806
 118.9115   17.3658
 118.9057   17.0867
 118.9568   16.6910
 119.0123   16.4824
 119.0576   16.1753
 119.0678   15.8565
 119.0693   15.5738
 119.0781   15.2752
 119.0576   15.0087
 119.0342   14.8124
 119.0036   14.5227
 119.0474   14.3203
 119.1365   14.0767
 119.2344   13.7888
 119.3060   13.5901
 119.3542   13.4637
 119.3527   13.4637
> 9821 BONIN TRENCH                                      
 143.2062   26.1759
 143.2880   26.8937
 143.3509   27.5707
 143.2354   28.2937
 142.8160   29.4568
 142.4302   30.4029
 142.2943   31.5269
 142.2519   32.5759
 142.1759   33.3129
 142.0678   33.9068
 141.9918   34.3098
> 8001 NEW GUINEA TRENCH                                 
 132.8273    0.4188
 132.9746    0.4734
 133.1073    0.5373
 133.2689    0.5751
 133.4391    0.6158
 133.6180    0.6477
 133.7536    0.6593
 133.8806    0.6680
 134.0162    0.6622
 134.1287    0.6448
 134.2556    0.6129
 134.3855    0.5722
 134.5643    0.5112
 134.8038    0.4444
 134.9971    0.3805
 135.1731    0.3195
 135.4212    0.2527
 135.6838    0.1365
 135.9550    0.0346
 136.1512   -0.0318
 136.3618   -0.1249
 136.5840   -0.1975
 136.8350   -0.3021
 137.1062   -0.3979
 137.3860   -0.4705
 137.6226   -0.5548
 137.8765   -0.6216
 138.0785   -0.6913
 138.3410   -0.7697
 138.5805   -0.8713
 138.8632   -0.9439
 139.1691   -1.0398
 139.3451   -1.1240
 139.4662   -1.1501
 139.7144   -1.2547
 139.9365   -1.3563
 140.1414   -1.4405
 140.3347   -1.5421
 140.5799   -1.6873
 140.7963   -1.8209
 141.0127   -1.9283
 141.1772   -2.0212
 141.3272   -2.1024
 141.3243   -2.1053
 141.4887   -2.2011
 141.8407   -2.3694
 142.0139   -2.5000
 142.2504   -2.6306
 142.5216   -2.7641
 142.7034   -2.8250
 142.9025   -2.9207
 143.0929   -3.0164
 143.3699   -3.1789
 143.5286   -3.2688
 143.7334   -3.3644
 143.7796   -3.3992
 143.9000   -3.4632
> 8001 MANOKWARI TROUGH, SOUTH OF NEW GUINEA TRENCH      
 131.3705    0.0115
 131.6359   -0.0116
 131.9446   -0.0548
 132.2620   -0.0491
 132.5072   -0.0462
 132.8015   -0.0693
 133.2141   -0.1423
 133.3872   -0.1830
 133.6440   -0.2817
 133.9354   -0.3660
 134.3191   -0.4996
 134.5788   -0.5983
 134.8327   -0.7058
 135.0779   -0.8365
 135.1991   -0.9294
 135.3578   -1.0688
 135.5453   -1.1937
 135.6636   -1.2808
 135.8425   -1.3882
> 6621 MARIANA TRENCH                                    
 138.9327   10.9927
 139.4912   10.9611
 140.2427   10.9812
> 6621 MARIANA TRENCH                                    
 140.2427   10.9812
 140.8553   11.0185
 141.6507   11.0802
> 6621 MARIANA TRENCH                                    
 141.6507   11.0802
 142.5674   11.2122
 143.2926   11.4014
 143.9462   11.5877
 144.4448   11.7853
 144.9784   12.0228
 145.4799   12.2886
 145.9303   12.5899
 146.4785   13.0717
 146.8733   13.5014
 147.1745   13.9630
 147.4157   14.5822
 147.5649   15.1193
 147.7769   16.2117
 147.8602   16.7697
 147.8821   17.5952
 147.8339   18.1588
 147.7418   18.7607
 147.5853   19.4087
 147.4172   19.8920
 147.0707   20.7216
 146.7373   21.2594
 146.3908   21.7165
 146.0282   22.1478
 145.5793   22.5454
 145.1290   22.8314
 144.5705   23.2431
 144.0617   23.6643
 143.6099   24.0974
 143.3730   24.4653
 143.1610   24.9143
 143.0689   25.4343
 143.1026   26.0296
 143.2062   26.1759
> 3401 TRENCH, SOUTH OF SICILY                           
  13.0719   37.4719
  13.0761   37.4580
  13.0803   37.4337
  13.0830   37.4013
  13.0972   37.3434
  13.1043   37.3156
  13.1272   37.2622
  13.1515   37.2169
  13.1703   37.1994
  13.1991   37.1657
  13.2178   37.1470
  13.2640   37.1097
  13.3073   37.0805
  13.3535   37.0454
  13.3752   37.0303
  13.4634   36.9915
  13.4938   36.9763
  13.5343   36.9680
  13.5532   36.9644
  13.6125   36.9526
  13.6748   36.9372
  13.6994   36.9348
  13.7718   36.9159
  13.8515   36.9051
  13.9341   36.8896
  13.9877   36.8754
  14.0500   36.8763
  14.0747   36.8774
  14.1371   36.8830
  14.2009   36.8921
  14.2734   36.8929
  14.3519   36.9124
  14.3708   36.9252
  14.3854   36.9368
  14.3986   36.9600
> 3401 TRENCH, SOUTHERN SICILY                           
  14.3986   36.9600
  14.4306   36.9820
  14.4553   36.9970
  14.5033   37.0224
  14.5325   37.0421
  14.5791   37.0744
  14.6228   37.1149
  14.6884   37.1762
  14.7088   37.1912
  14.7598   37.2258
  14.8385   37.2892
  14.8603   37.3054
  14.9156   37.3399
  14.9593   37.3675
  14.9797   37.3755
  15.0116   37.3858
  15.0305   37.3939
  15.0640   37.4111
  15.0989   37.4237
  15.1003   37.4237
  15.1076   37.4271
  15.1207   37.4317
  15.1497   37.4350
> 8021 TRENCH A (ACTIVE ARC-CONTINENT COLLISION ZONE)    
 137.2303   -1.8027
 137.6336   -1.8742
 138.1917   -2.0290
 138.8535   -2.2042
 139.3342   -2.3487
 139.8938   -2.5108
 140.4125   -2.7034
 140.7880   -2.8508
 141.2365   -3.0463
 141.6866   -3.2389
 142.1161   -3.4227
 142.6348   -3.6619
 143.0877   -3.9228
 143.4880   -4.1851
 144.0238   -4.4373
 144.0881   -4.5108
 144.1683   -4.5584
 144.2484   -4.5968
 144.3217   -4.6538
 144.4075   -4.7596
 144.4716   -4.8215
 144.5568   -4.8900
 144.6354   -4.9818
 144.7183   -5.0527
 144.8110   -5.1513
 144.8678   -5.1946
 144.9554   -5.2630
 145.1294   -5.3348
 145.2099   -5.4010
 145.3000   -5.4786
 145.3853   -5.5517
 145.4734   -5.6550
 145.5497   -5.7491
 145.6703   -5.8448
 145.7722   -5.9269
 145.8812   -6.0251
 146.0084   -6.0882
 146.0743   -6.1173
 146.1501   -6.1789
 146.1767   -6.2365
 146.2052   -6.2663
 146.3373   -6.3431
 146.4739   -6.4083
 146.6273   -6.5058
 146.7290   -6.5784
 146.8069   -6.6283
 146.9320   -6.7052
 147.0006   -6.7575
 147.0882   -6.8281
 147.1569   -6.8873
 147.2114   -6.9352
 147.2682   -6.9783
 147.3202   -7.0193
 147.4500   -7.0961
 147.5510   -7.1270
 147.6499   -7.1787
 147.7086   -7.1940
 147.8263   -7.2455
 147.9134   -7.2859
 148.0143   -7.3144
 148.0869   -7.3225
 148.1407   -7.3263
 148.2676   -7.3707
 148.3520   -7.3879
 148.4620   -7.3978
 148.5510   -7.4103
 148.6445   -7.4111
 148.7331   -7.3959
 148.8124   -7.3877
 148.8774   -7.3612
 148.9332   -7.3417
> 9688 TONGA TRENCH                                      
-175.3777  -14.3881
-175.1514  -14.4311
-174.9040  -14.4569
-174.6603  -14.4554
-174.5120  -14.4476
-174.4344  -14.4266
-174.2861  -14.4256
-174.1589  -14.4351
-174.0386  -14.4685
-173.9184  -14.4917
-173.7944  -14.5354
-173.6742  -14.5551
-173.5008  -14.6121
-173.3698  -14.6489
-173.1609  -14.7261
-173.1329  -14.7895
-172.9346  -14.8628
-172.7669  -15.0375
-172.6006  -15.1487
-172.4329  -15.3752
-172.3600  -15.5607
-172.3352  -15.7362
-172.3002  -16.0392
-172.3046  -16.3277
-172.3148  -16.7121
-172.3338  -16.9633
-172.3804  -17.2672
-172.4460  -17.6789
-172.5394  -17.9316
-172.5963  -18.1506
-172.6925  -18.4787
-172.7873  -18.7800
-172.8704  -19.0738
-172.9710  -19.4647
-173.0527  -19.7737
-173.2174  -20.1986
-173.4012  -20.5908
-173.5543  -20.8949
-173.7001  -21.2419
-173.8168  -21.5257
-173.9568  -21.9158
-174.1347  -22.2860
-174.3199  -22.6216
-174.4905  -22.9040
-174.6582  -23.2152
-174.8390  -23.5071
-174.9731  -23.7516
-175.0985  -24.0702
-175.2123  -24.4676
-175.2239  -24.8361
-175.2560  -25.1453
-175.3012  -25.4314
> 9607 NEW HEBRIDES TRENCH, WESTERN SECTION              
 163.1156  -11.2514
 163.2711  -11.2247
 163.4125  -11.1791
 163.5679  -11.1415
 163.7790  -11.1086
 163.9262  -11.0848
 163.9957  -11.0784
 164.1010  -11.0469
 164.1925  -11.0156
 164.2811  -10.9816
 164.3448  -10.9562
 164.3947  -10.9446
 164.4449  -10.9493
 164.5116  -10.9430
 164.5868  -10.9447
 164.6538  -10.9602
 164.7263  -10.9701
> 9607 NEW HEBRIDES TRENCH                               
 164.7263  -10.9701
 164.7963  -10.9938
 164.8831  -11.0336
 164.9729  -11.0815
 165.0636  -11.1978
 165.1629  -11.3274
 165.3315  -11.4398
 165.4723  -11.5551
 165.5915  -11.7198
 165.6856  -11.8766
 165.7882  -12.0440
 165.8209  -12.1905
 165.8585  -12.2934
 165.9139  -12.4694
 165.9498  -12.6509
 165.9991  -12.7887
 166.0464  -12.9807
 166.0935  -13.1618
 166.1179  -13.3159
 166.1430  -13.5132
 166.1699  -13.6454
 166.1996  -13.7748
 166.2827  -13.9412
 166.4080  -14.1394
 166.4962  -14.2731
 166.5729  -14.3826
 166.6357  -14.4896
 166.7097  -14.6045
> 9607 NEW HEBRIDES TRENCH                               
 166.7765  -14.8028
 166.9317  -15.1422
> 9607 NEW HEBRIDES TRENCH                               
 167.1262  -15.7004
 167.2559  -16.0093
> 9607 NEW HEBRIDES TRENCH                               
 167.3891  -16.3657
 167.4428  -16.6186
> 9607 NEW HEBRIDES TRENCH                               
 167.4910  -16.8765
 167.4648  -16.9860
 167.5148  -17.3682
 167.5109  -17.4825
 167.5608  -17.6623
 167.5603  -17.8213
 167.5919  -18.0751
 167.6192  -18.2334
 167.6413  -18.4128
 167.6715  -18.5761
 167.7023  -18.7761
 167.7324  -18.9364
 167.7740  -19.1174
 167.8061  -19.2169
 167.8527  -19.3608
 167.9361  -19.5434
 168.0419  -19.7308
 168.1958  -19.9723
 168.2923  -20.0991
 168.4258  -20.2803
 168.5228  -20.4408
 168.5947  -20.6015
 168.6697  -20.7776
 168.7559  -20.9611
 168.8673  -21.1493
 168.9332  -21.2782
 169.0584  -21.4607
 169.1327  -21.5918
 169.2463  -21.7403
 169.3453  -21.8476
 169.4498  -21.9470
> 9607 NEW HEBRIDES TRENCH, EASTERN SECTION              
 169.4498  -21.9470
 169.6387  -22.1071
 169.7997  -22.2674
 169.8815  -22.3385
 170.0165  -22.4295
 170.1715  -22.5561
 170.3462  -22.6951
 170.5064  -22.7958
 170.6298  -22.8609
 170.7280  -22.9110
 170.8316  -22.9481
 170.9966  -22.9973
 171.1670  -23.0361
 171.3624  -23.0746
 171.4684  -23.0861
 171.6666  -23.1245
 171.8087  -23.1304
 171.9562  -23.1285
 172.1091  -23.1138
 172.2288  -23.1123
 172.3897  -23.0744
 172.5702  -23.0491
 172.7340  -23.0162
 172.9421  -22.9701
 173.1530  -22.9289
 173.3030  -22.9014
> 9607 NEW BRITAIN TRENCH                                
 148.9332   -7.3417
 149.1512   -7.2340
 149.3584   -7.1821
 149.5094   -7.1264
 149.6536   -7.0848
 149.7492   -7.0694
 149.8355   -6.9890
 149.9741   -6.9484
 150.1069   -6.8858
 150.2485   -6.8590
 150.3953   -6.8100
 150.5560   -6.7553
 150.7028   -6.6953
 150.8856   -6.6292
 151.0380   -6.5801
 151.1789   -6.4980
 151.3782   -6.4178
 151.5082   -6.3580
 151.6102   -6.2874
 151.7150   -6.2113
 151.8225   -6.1378
 151.9497   -6.0752
 152.0854   -6.0208
 152.1655   -5.9754
 152.2484   -5.9355
 152.3232   -5.9068
 152.4229   -5.8722
> 9688 KERMADEC TRENCH                                   
-175.3012  -25.4314
-175.3771  -25.7300
-175.4193  -26.0239
-175.4193  -26.4399
-175.4033  -26.8556
-175.5520  -27.3139
-175.7897  -27.7819
-175.8904  -28.2621
-176.0012  -28.6979
-176.0858  -29.0618
-176.1528  -29.4701
-176.3395  -29.8844
-176.5465  -30.3222
-176.6895  -30.6815
-176.9140  -31.0307
-177.1094  -31.4571
-177.3092  -31.7899
-177.4769  -32.1029
-177.5425  -32.2375
-177.6635  -32.6988
-177.8108  -33.1859
-177.9858  -33.5804
-178.1462  -33.9646
-178.2876  -34.2399
-178.4145  -34.4807
-178.5428  -34.7100
-178.6362  -35.0186
> 9607 SAN CRISTOBAL TRENCH                              
 152.4229   -5.8722
 152.5340   -5.8485
 152.6033   -5.8254
 152.6728   -5.8189
 152.7672   -5.8038
 152.8340   -5.8029
 152.8902   -5.8437
 153.0103   -5.8697
 153.1196   -5.9208
 153.2880   -6.0209
 153.4115   -6.0940
 153.5491   -6.1806
 153.6926   -6.2866
 153.8446   -6.4062
 153.9571   -6.4932
 154.0641   -6.5775
 154.1741   -6.6810
 154.2983   -6.8065
 154.3889   -6.9185
 154.5165   -7.0798
 154.6351   -7.2024
 154.7003   -7.2871
 154.7987   -7.3548
 154.9421   -7.4605
 155.0039   -7.5011
 155.2198   -7.6085
 155.3516   -7.6784
 155.5224   -7.7533
 155.6987   -7.8171
 155.8718   -7.8506
 156.0730   -7.9030
 156.1849   -7.9483
 156.2889   -8.0158
 156.4517   -8.1128
 156.6007   -8.2182
 156.7105   -8.3049
 156.8681   -8.4266
> 9607 SOUTH SOLOMON TRENCH                              
 156.8681   -8.4266
 156.9892   -8.5241
 157.1382   -8.6349
 157.2591   -8.7213
 157.4277   -8.8318
 157.5626   -8.9207
 157.6805   -8.9879
 157.8403   -9.0709
 157.9553   -9.1325
 158.0815   -9.1968
 158.2972   -9.2982
 158.3477   -9.3223
 158.5215   -9.4133
 158.6813   -9.4935
 158.8024   -9.5934
 158.9576   -9.7395
 159.0533   -9.8150
 159.1716   -9.9148
 159.2674   -9.9958
 159.3489  -10.0522
 159.3967  -10.0872
 159.5650  -10.1781
 159.6572  -10.1960
 159.8136  -10.2350
 159.9199  -10.2691
 159.9982  -10.2982
 160.0933  -10.3270
 160.1996  -10.3612
 160.2751  -10.3876
 160.3477  -10.4057
 160.4236  -10.4540
 160.4798  -10.4915
 160.5613  -10.5479
 160.6151  -10.6101
 160.6915  -10.6993
 160.7650  -10.7831
 160.8833  -10.8827
 160.9901  -10.9550
 161.0999  -11.0355
 161.2207  -11.1213
 161.3443  -11.1934
 161.4761  -11.2653
 161.6217  -11.3261
 161.7305  -11.3410
 161.8674  -11.3719
 161.9903  -11.4030
 162.1211  -11.3985
 162.2241  -11.3998
 162.3076  -11.3987
 162.4355  -11.3915
 162.5411  -11.3737
 162.6410  -11.3533
 162.7715  -11.3297
 162.8794  -11.2818
 162.9907  -11.2749
 163.1156  -11.2514
> 9688 KURIL TRENCH (FROM DEEPEST SECTION OF GEBCO SHEET 
 164.1153   55.3625
 164.0399   55.1378
 163.9164   54.8183
 163.7450   54.5415
 163.5552   54.2881
 163.3586   54.1152
 163.1392   53.8592
 162.9471   53.5826
 162.7894   53.2823
 162.5608   53.0473
 162.3093   52.7917
 162.0487   52.5067
 161.8864   52.3082
 161.8338   52.2015
 161.5984   51.9974
 161.3058   51.7966
 161.0566   51.6219
 160.7274   51.3593
 160.4851   51.1009
 160.3251   50.9148
 159.9730   50.6336
 159.7696   50.5186
 159.5615   50.2980
 159.3604   50.1264
 159.1592   49.9644
 158.9032   49.7383
 158.7340   49.5810
 158.5511   49.3963
 158.3202   49.3769
 157.9796   49.1989
 157.7762   49.0579
 157.4995   48.9677
 157.2732   48.8034
 157.1338   48.6612
 157.0149   48.4883
 156.9738   48.4411
 156.8137   48.3132
 156.6240   48.1758
 156.4000   48.0610
 156.1622   47.9259
 155.9108   47.7551
 155.6227   47.5481
 155.3621   47.3294
 155.1541   47.1550
 155.0032   47.0207
 154.8432   46.9018
 154.7609   46.8375
 154.6969   46.6379
 154.4449   46.5276
 154.3032   46.4312
 154.1455   46.3062
 154.0015   46.2047
 153.9009   46.0855
 153.7957   45.9406
 153.5283   45.8240
 153.2516   45.6527
 153.0459   45.5484
 152.8013   45.3940
 152.6253   45.2924
 152.4310   45.1567
 152.1681   45.0061
 152.0172   44.8908
 151.8297   44.7724
 151.6857   44.6939
 151.4480   44.5620
 151.1325   44.4131
 150.8856   44.2868
 150.6387   44.1931
 150.2798   44.0498
 149.9735   43.9079
 149.9693   43.8183
> 9824 KURIL TRENCH                                      
 149.9693   43.8183
 149.7854   43.7644
 149.5329   43.6606
 149.3241   43.5301
 149.1124   43.3929
 148.8598   43.2287
 148.6277   43.0812
 148.4131   42.9388
 148.2307   42.8196
 148.0292   42.7034
 147.8204   42.5773
 147.6000   42.4596
 147.4029   42.3492
 147.1971   42.2289
 147.0511   42.1334
 146.8555   42.0104
 146.6701   41.9516
 146.4467   41.8360
 146.2380   41.7289
 146.0818   41.6742
 145.8847   41.5482
 145.6949   41.4275
 145.4029   41.3296
 145.1898   41.2349
 144.9927   41.1643
 144.9109   41.1301
 144.7810   41.0915
 144.6978   41.0572
 144.6409   41.0086
> 9607 VITIAZ TRENCH, WEST PACIFIC                       
 166.9632   -8.5500
 167.0669   -8.5442
 167.1506   -8.5398
 167.2455   -8.5304
 167.3243   -8.5335
 167.4469   -8.5461
 167.5419   -8.5527
 167.6544   -8.5555
 167.7457   -8.5609
 167.8871   -8.5733
 167.9234   -8.5780
 168.0122   -8.5908
 168.0811   -8.6076
 168.1676   -8.6390
 168.2655   -8.6851
 168.3169   -8.7082
 168.4137   -8.7704
 168.4991   -8.8302
 168.5598   -8.9026
 168.5863   -8.9369
 168.6368   -8.9958
 168.6959   -9.0434
 168.7613   -9.0873
 168.8266   -9.1263
 168.8655   -9.1432
 168.9245   -9.1724
 168.9923   -9.2138
 169.0616   -9.2786
 169.1362   -9.3828
 169.1958   -9.4883
 169.2551   -9.5532
 169.3334   -9.6450
 169.3928   -9.7221
 169.4283   -9.7797
 169.4751   -9.8483
 169.5219   -9.9144
 169.5660   -9.9608
 169.6051   -9.9974
 169.6377  -10.0095
 169.6753  -10.0239
 169.7592  -10.0479
 169.8432  -10.0755
 169.9235  -10.1056
 170.0251  -10.1527
 170.1005  -10.2050
 170.1847  -10.2560
 170.2464  -10.3047
 170.2955  -10.3461
 170.3584  -10.4021
 170.4012  -10.4337
 170.4564  -10.4615
 170.5165  -10.4746
 170.5716  -10.4852
 170.6128  -10.4787
 170.7303  -10.4851
 170.7966  -10.4846
 170.8478  -10.4842
 170.9091  -10.4873
 170.9529  -10.4931
 170.9904  -10.4941
 171.0455  -10.5133
 171.0920  -10.5436
 171.1451  -10.6071
 171.2133  -10.7011
 171.2690  -10.7768
 171.3095  -10.8354
 171.3460  -10.8731
 171.4493  -10.9606
 171.4970  -10.9921
 171.6000  -11.0514
 171.6502  -11.0780
 171.6993  -11.1132
 171.7959  -11.1614
 171.8640  -11.2320
 171.8932  -11.2795
 171.9210  -11.3222
 171.9663  -11.3549
 172.0241  -11.3888
 172.0993  -11.4127
 172.1845  -11.4389
 172.2620  -11.4481
 172.3672  -11.4668
 172.4762  -11.4978
 172.5476  -11.5205
 172.5877  -11.5287
 172.6517  -11.5637
 172.7685  -11.6240
 172.8389  -11.6773
 172.9269  -11.7402
 173.0627  -11.8272
 173.1443  -11.8779
 173.2324  -11.9420
 173.3466  -11.9997
 173.4883  -12.0560
 173.5812  -12.1030
 173.6664  -12.1340
 173.7592  -12.1699
 173.7956  -12.1855
 173.8432  -12.1974
 173.8857  -12.1995
 174.0166  -12.1630
 174.1101  -12.1292
 174.1773  -12.0932
 174.2380  -12.0328
 174.3012  -11.9651
 174.3271  -11.9331
 174.3606  -11.8986
 174.3890  -11.8616
 174.4176  -11.8345
 174.4474  -11.8110
 174.4896  -11.7825
 174.5545  -11.7661
 174.6868  -11.7491
 174.7242  -11.7415
 174.7917  -11.7397
 174.8329  -11.7369
 174.8792  -11.7390
 174.9743  -11.7517
 175.0519  -11.7633
 175.1133  -11.7836
 175.1961  -11.8196
 175.2927  -11.8690
 175.3467  -11.8979
 175.4233  -11.9388
 175.5098  -11.9614
 175.5823  -11.9693
 175.7413  -11.9986
 175.8790  -12.0207
 175.9615  -12.0249
 176.0340  -12.0280
 176.1103  -12.0311
 176.2254  -12.0509
 176.3180  -12.0648
 176.3717  -12.0571
>
